
sp.ids <- list(

    villa_sp_b = list(Genus="Villa",
                                SubGenus ="",
                                Species="sp.",
                                SubSpecies="b",
                                Sex="",
                                Author =  "",
                                Determiner="L. Ponisio",
                                temp.id= c("PL_081312_37",
                                           "PL_081112_224",
                                           "PL_081212_271",
                                           "PL_081312_38",
                                           "PL_081312_39",
                                           "PL_081212_171",
                                           "PL_081212_49",
                                           "SC_072012_73",
                                           "SC_072612_211",
                                           "SC_072312_50",
                                           "SC_072012_82",
                                           "SC_072812_160",
                                           "SC_072012_244",
                                           "SC_072612_52",
                                           "SC_072312_222",
                                           "SC_072612_214",
                                           "SC_072012_233",
                                           "SC_072612_49",
                                           "SC_072312_59",
                                           "SC_072012_106",
                                           "SC_072012_170",
                                           "SC_072612_82",
                                           "SC_072012_259",
                                           "SC_072612_225",
                                           "SC_072612_210",
                                           "SC_072012_295",
                                           "SC_072612_94",
                                           "SC_072612_196",
                                           "SC_072712_23",
                                           "SC_072712_3",
                                           "SC_072612_86",
                                           "SC_072712_34",
                                           "SC_072712_12",
                                           "SC_072712_136",
                                           "SC_072712_137",
                                           "SC_072712_19",
                                           "SC_072712_152",
                                           "SC_072712_4",
                                           "SC_072712_144",
                                           "SC_072712_32",
                                           "SC_072012_297",
                                           "SC_072812_28",
                                           "SC_072812_55",
                                           "SC_072912_7",
                                           "SC_072912_99",
                                           "SC_072912_17",
                                           "JC_071712_171",
                                           "JC_071512_137",
                                           "SC_072812_21",
                                           "JC_071512_38",
                                           "SC_072812_18",
                                           "SC_072812_40",
                                           "JC_071412_121",
                                           "JC_071512_141",
                                           "PL_080912_40",
                                           "PL_080912_39",
                                           "PL_080912_36",
                                           "PL_080912_38")),

    )
	exoprosopa_sp = list(Genus="Exoprosopa",
                                SubGenus ="",
                                Species="sp.",
                                SubSpecies="",
                                Sex="",
                                Author =  "",
                                Determiner="L. Ponisio",
                                temp.id= c("18247","18260","17698","18313","18312","17716","18249","18595")


	villa_sp_a = list(Genus="Villa",
                                SubGenus ="",
                                Species="sp.",
                                SubSpecies="a",
                                Sex="",
                                Author =  "",
                                Determiner="L. Ponisio",
                                temp.id= c("19098","25141","17663","18577","17919","17960","18666","18567","18566","18194","18179","18291","18222","30613")

villa_sp_c = list(Genus="Villa",
                                SubGenus ="",
                                Species="sp.",
                                SubSpecies="c",
                                Sex="",
                                Author =  "",
                                Determiner="L. Ponisio",
                                temp.id= c("18680","18276","18625","18674","18083","18314","17655",""18528","18533","18445","18532","18524","24081","25168","17812","18515","18513")

hemipenthes_sp = list(Genus="Hemipenthes",
                                SubGenus ="",
                                Species="sp.",
                                SubSpecies="",
                                Sex="",
                                Author =  "",
                                Determiner="L. Ponisio",
                                temp.id= c("21756","30356","23619","30381","19148","21746","18215","18228","17955","17961","18213","17962","17933","18159","21010","18004","18003","18011","18173","18207","23423","19025","19899","23500","23424","21755","30423")


