
sp.ids <- list(

 

    ##   Pseudopanurgus_piercei_f= list(Genus="Pseudopanurgus",
    ##                                   SubGenus ="",
    ##                                   Species="piercei",
    ##                                   SubSpecies="",
    ##                                   Sex="f", Author = "Crawford",
    ##                                   Determiner="",
    ##                                   temp.id= c()),


    ##   Pseudopanurgus_atricornis_f= list(Genus="Pseudopanurgus",
    ##                                  SubGenus ="",
    ##                                  Species="atricornis",
    ##                                  SubSpecies="",
    ##                                  Sex="f", Author = "Cresson",
    ##                                  Determiner="J.L. Neff",
    ##                                  temp.id= c()),


    Pseudopanurgus_atricornis_m= list(Genus="Pseudopanurgus",
                                      SubGenus ="",
                                      Species="atricornis",
                                      SubSpecies="",
                                      Sex="m", Author = "Cresson",
                                      Determiner="J.L. Neff",
                                      temp.id= c(37190, 37186, 37873,
                                                 37765, 37662, 37290,
                                                 37560, 37660,
                                                 37640, 37664, 37836,
                                                 37559)),


    Pseudopanurgus_albitarsis_f= list(Genus="Pseudopanurgus", SubGenus ="",
                                      Species="albitarsis",
                                      SubSpecies="",
                                      Sex="f", Author = "Cresson, 1872",
                                      Determiner="J.L. Neff",
                                      temp.id= c(33071, 32892, 32891,
                                                 32896, 33109, 32895,
                                                 33113, 38019, 38143,
                                                 38188, 38141, 38189,
                                                 38184, 33490, 38012,
                                                 38124, 38052, 34070,
                                                 33086, 32903, 32811,
                                                 33068, 33072, 33073,
                                                 33095, 33097, 32910,
                                                 33094, 32899, 32909,
                                                 32905, 32904, 33065,
                                                 32810, 33079, 32901,
                                                 33074, 33063, 33088,
                                                 33087, 33077, 33078,
                                                 33064, 33091
                                                 )),



    Pseudopanurgus_albitarsis_m= list(Genus="Pseudopanurgus", SubGenus ="",
                                      Species="albitarsis",
                                      SubSpecies="",
                                      Sex="m", Author = "Cresson, 1872",
                                      Determiner="J.L. Neff",
                                      temp.id= c( 38228, 38144, 38013,
                                                 38057, 38049, 38193,
                                                 38231, 33059, 33090,
                                                 33092, 38017, 38055,
                                                 33089, 33083, 33084,
                                                 33085, 33107, 38048,
                                                 33066, 38128, 33105,
                                                 33082, 33075, 32834,
                                                 32886, 33067, 32835,
                                                 38186, 33093, 32893,
                                                 33069, 33080, 33081,
                                                 32894, 32906, 33070,
                                                 32900, 32902, 32897,
                                                 38147, 33106, 33104,
                                                 33060, 33062, 33100,
                                                 32890, 33101, 33098,
                                                 33112, 32888, 32889,
                                                 32887, 33103, 33114,
                                                 33076, 33102, 32812,
                                                 32907, 32898, 33096
                                                 )),

    ##   Panurginus_cressoniellus_f= list(Genus="Panurginus", SubGenus ="",
    ##                                  Species="cressoniellus",
    ##                                  SubSpecies="",
    ##                                  Sex="f", Author = "Cockerell",
    ##                                  Determiner=,
    ##                                  temp.id= c()),


    ## Protandrena_sp_a= list(Genus="Protandrena", SubGenus ="",
    ##                        Species="sp.",
    ##                        SubSpecies="a",
    ##                        Sex="f", Author = "",
    ##                        Determiner=,
    ##                        temp.id= c()),


    ## Protandrena_sp_c= list(Genus="Protandrena", SubGenus ="",
    ##                        Species="sp.",
    ##                        SubSpecies="c",
    ##                        Sex="m", Author = "",
    ##                        Determiner="",
    ##                        temp.id= c()),

    ##     Protandrena_sp_d= list(Genus="Protandrena", SubGenus ="",
    ##                        Species="sp.",
    ##                        SubSpecies="d",
    ##                        Sex="f", Author = "",
    ##                        Determiner="",
    ##                        temp.id= c()),

    ##   Protandrena_sp_d= list(Genus="Protandrena", SubGenus ="",
    ##                        Species="sp.",
    ##                        SubSpecies="d",
    ##                        Sex="m", Author = "",
    ##                        Determiner="D. Yanega",
    ##                        temp.id= c()),

    ##   Protandrena_sp_d= list(Genus="Protandrena", SubGenus ="",
    ##                        Species="sp.",
    ##                        SubSpecies="e",
    ##                        Sex="m", Author = "",
    ##                        Determiner="",
    ##                        temp.id= c()),



    ## Pseudopanurgus_porterae_f= list(Genus="Pseudopanurgus",
    ##                             SubGenus ="",
    ##                             Species="porterae",
    ##                             SubSpecies="",
    ##                             Sex="f",
    ##                             Author = "Cockerell",
    ##                             Determiner="",
    ##                             temp.id= c()),



    ## Pseudopanurgus_porterae_m= list(Genus="Pseudopanurgus",
    ##                             SubGenus ="",
    ##                             Species="porterae",
    ##                             SubSpecies="",
    ##                             Sex="m",
    ##                             Author = "Cockerell",
    ##                             Determiner="",
    ##                             temp.id= c()),


    ## Andrena_argemonis_f = list(Genus="Andrena",
    ##                            SubGenus="Plastandrena",
    ##                            Species="argemonis",
    ##                            SubSpecies="",
    ##                            Sex="f", Author = "Cockerell",
    ##                            Determiner="",
    ##                            temp.id= c()),

    ## Andrena_argemonis_m = list(Genus="Andrena",
    ##                            SubGenus="Plastandrena",
