sp.ids <- list(

    villa_sp_b = list(Genus="Villa",
                      SubGenus ="",
                      Species="sp.",
                      SubSpecies="b",
                      Sex="",
                      Author =  "",
                      Determiner="L. Ponisio",
                      temp.id= c(37777, 37826, 36774, 36942, 36945,
                                 37852, 37959, 37978, 37934, 38138,
                                 38169, 38185, 37578, 37580, 37665,
                                 37659, 37658, 37608, 38050, 38056,
                                 37741, 37774, 37929, 37778)),

    ## exoprosopa_sp = list(Genus="Exoprosopa",
    ##                      SubGenus ="",
    ##                      Species="sp.",
    ##                      SubSpecies="a",
    ##                      Sex="",
    ##                      Author =  "",
    ##                      Determiner="L. Ponisio",
    ##                      temp.id= c()),


    villa_sp_a = list(Genus="Villa",
                      SubGenus ="",
                      Species="sp.",
                      SubSpecies="a",
                      Sex="",
                      Author =  "",
                      Determiner="L. Ponisio",
                      temp.id= c(36507, 36509, 36510, 36558, 36967,
                                 36997, 37010, 36985, 37038, 36973,
                                 36776, 37140, 37126, 37108, 37125,
                                 36950, 37093, 37013, 37761, 37894,
                                 37905, 37931, 37832, 37833, 37645,
                                 37573)),

    villa_sp_c = list(Genus="Villa",
                      SubGenus ="",
                      Species="sp.",
                      SubSpecies="c",
                      Sex="",
                      Author =  "",
                      Determiner="L. Ponisio",
                      temp.id= c(34205)),

    hemipenthes_sp = list(Genus="Hemipenthes", SubGenus ="", Species="sp.",
                          SubSpecies="", Sex="", Author = "",
                          Determiner="L. Ponisio",
                          temp.id= c(36630, 36548, 36571, 36748,
                                     36737, 36771, 36860, 36976,
                                     36979, 36980, 37018, 37050,
                                     37053, 37144, 36808, 36819,
                                     36904, 36908, 36912, 38394,
                                     38389, 36511, 36508, 35393,
                                     35276, 35415, 35397)),


    bombylius_sp_b = list(Genus="Bombylius",
                          SubGenus ="Bombylius",
                          Species="sp.",
                          SubSpecies="b",
                          Sex="",
                          Author =  "",
                          Determiner="L. Ponisio",
                          temp.id= c(35227, 34141, 34289, 33525,
                                     34288, 33765))


    ##  Antrax_sp_a = list(Genus="Antrax",
    ##                   SubGenus ="",
    ##                   Species="sp.",
    ##                   SubSpecies="a",
    ##                   Sex="",
    ##                   Author =  "",
    ##                   Determiner="L. Ponisio",
    ##                   temp.id= c()),

    )
