sp.ids <- list(

    villa_sp_b = list(Genus="Villa",
                      SubGenus ="",
                      Species="sp.",
                      SubSpecies="b",
                      Sex="",
                      Author =  "",
                      Determiner="L. Ponisio",
                      temp.id= c("25169", "19694", "19568", "19577",
                                 "25175", "25803", "25167", "18530",
                                 "18518", "18531", "18110", "18542",
                                 "18535", "18692", "18683", "18018",
                                 "18315", "17848", "18660", "18553",
                                 "18554", "18724", "18100", "18347",
                                 "18126", "18341", "18349", "18505",
                                 "18495")),

    exoprosopa_sp = list(Genus="Exoprosopa",
                         SubGenus ="",
                         Species="sp.",
                         SubSpecies="a",
                         Sex="",
                         Author =  "",
                         Determiner="L. Ponisio",
                         temp.id= c("18247","18260","17698", "18313",
                                    "18312","17716", "18249","18595")),


    villa_sp_a = list(Genus="Villa",
                      SubGenus ="",
                      Species="sp.",
                      SubSpecies="a",
                      Sex="",
                      Author =  "",
                      Determiner="L. Ponisio",
                      temp.id= c("19098","25141","17663", "18577",
                                 "17919","17960","18666", "18567",
                                 "18566","18194","18179", "18291",
                                 "18222","30613")),

    villa_sp_c = list(Genus="Villa",
                      SubGenus ="",
                      Species="sp.",
                      SubSpecies="c",
                      Sex="",
                      Author =  "",
                      Determiner="L. Ponisio",
                      temp.id= c("18680","18276","18625", "18674",
                                 "18083","18314","17655","18528",
                                 "18533","18445","18532","18524",
                                 "24081", "25168","17812","18515",
                                 "18513")),

    hemipenthes_sp =

    list(Genus="Hemipenthes", SubGenus ="", Species="sp.",
         SubSpecies="", Sex="", Author = "",
         Determiner="L. Ponisio",
         temp.id= c("21756","30356","23619","30381","19148","21746",
                    "18215","18228","17955","17961","18213","17962",
                    "17933","18159","21010","18004","18003","18011",
                    "18173","18207","23423","19025","19899","23500",
                    "23424","21755","30423")),

    bombylius_sp_a = list(Genus="Bombylius",
                          SubGenus ="Bombylius",
                          Species="sp.",
                          SubSpecies="a",
                          Sex="",
                          Author =  "",
                          Determiner="L. Ponisio",
                          temp.id= c("17802", "17646", "17673",
                                     "18449", "17723", "17707",
                                     "17799", "18993", "25086")),


    Antrax_sp_a = list(Genus="Antrax",
                       SubGenus ="",
                       Species="sp.",
                       SubSpecies="a",
                       Sex="",
                       Author =  "",
                       Determiner="L. Ponisio",
                       temp.id= c("20910", "24659"))
