sp.ids <- list(

    villa_sp_b = list(Genus="Villa",
                      SubGenus ="",
                      Species="sp.",
                      SubSpecies="b",
                      Sex="",
                      Author =  "",
                      Determiner="L. Ponisio",
                      temp.id= c(34702, 34640, 33524, 33526, 33527, 
                                 34711, 33528, 37777, 37826, 35213, 
                                 32459, 31160, 31025, 31027, 30846, 
                                 36774, 36942, 36945, 37852, 37959, 
                                 37978, 37934, 38138, 38169, 38185, 
                                 37578, 37580, 37665, 37659, 37658, 
                                 37608, 38050, 38056, 37741, 37774, 
                                 37929, 37778, 33523)),

    exoprosopa_sp = list(Genus="Exoprosopa",
                         SubGenus ="",
                         Species="sp.",
                         SubSpecies="a",
                         Sex="",
                         Author =  "",
                         Determiner="L. Ponisio",
                         temp.id= c()),


    villa_sp_a = list(Genus="Villa",
                      SubGenus ="",
                      Species="sp.",
                      SubSpecies="a",
                      Sex="",
                      Author =  "",
                      Determiner="L. Ponisio",
                      temp.id= c(30976, 30988, 31001, 30844, 30845, 
                                 30847, 30955, 30965, 30701, 32422, 
                                 32448, 32614, 33296, 33177, 33292, 
                                 33294, 33886, 33304, 32620, 31829, 
                                 31631, 31628, 31638, 31801, 35060, 
                                 36507, 36509, 36510, 36558, 36967, 
                                 36997, 37010, 36985, 37038, 36973, 
                                 36776, 37140, 37126, 37108, 37125, 
                                 36950, 37093, 37013, 37761, 37894, 
                                 37905, 37931, 37832, 37833, 37645, 
                                 37573)),

    villa_sp_c = list(Genus="Villa",
                      SubGenus ="",
                      Species="sp.",
                      SubSpecies="c",
                      Sex="",
                      Author =  "",
                      Determiner="L. Ponisio",
                      temp.id= c(34205)),

    hemipenthes_sp =

    list(Genus="Hemipenthes", SubGenus ="", Species="sp.",
         SubSpecies="", Sex="", Author = "",
         Determiner="L. Ponisio",
         temp.id= c()),

    bombylius_sp_a = list(Genus="Bombylius",
                          SubGenus ="Bombylius",
                          Species="sp.",
                          SubSpecies="a",
                          Sex="",
                          Author =  "",
                          Determiner="L. Ponisio",
                          temp.id= c()),


    Antrax_sp_a = list(Genus="Antrax",
                       SubGenus ="",
                       Species="sp.",
                       SubSpecies="a",
                       Sex="",
                       Author =  "",
                       Determiner="L. Ponisio",
                       temp.id= c())
    
    )
