
sp.ids <- list(

  Copestylum_avidum = list(genus="Copestylum", subgenus="",
    species="avidum", subspecies="", sex="", author = "Sacken",
    temp.id= c("MM_073112_104", "MM_080112_84", "MM_080112_115",
    "MM_080112_156", "MM_080112_185", "MM_080112_172", "MM_080112_14",
    "MM_080112_210", "MM_080112_163", "MM_080112_90", "MM_080112_190",
    "MM_080112_186", "MM_080112_168", "MM_080112_212", "MM_073112_33",
    "MM_080112_238", "MM_080112_26", "MM_073112_72", "MM_073112_119",
    "MM_073112_34", "MM_080112_188", "MM_073112_45", "MM_080312_63",
    "MM_073112_31", "MM_073112_103", "MM_073112_35", "MM_080212_45",
    "MM_080312_50", "MM_080312_39", "MM_080212_280", "PL_081312_197",
    "MM_080312_53", "PL_081312_200", "PL_081312_202", "PL_081012_395",
    "PL_081212_173", "PL_081212_57", "PL_081312_41", "PL_081212_172",
    "MM_080412_198", "MM_080412_197", "MM_080212_153",
    "MM_080212_103", "MM_080212_170", "MM_080212_225", "MM_080412_67",
    "MM_080412_157", "MM_080412_154", "MM_080412_167",
    "MM_080412_164", "MM_080212_229", "MM_080412_126", "MM_080412_85",
    "MM_080412_33", "MM_080412_83", "MM_080412_84", "MM_080312_89",
    "MM_080412_68", "MM_080412_80", "MM_080312_192", "MM_080212_318",
    "MM_080312_194", "MM_080312_179", "MM_080312_180",
    "MM_080312_109", "MM_080312_87", "MM_080312_114", "MM_080312_157",
    "MM_080312_115", "MM_080312_85", "MM_080312_90", "MM_080312_86",
    "MM_080312_92", "SC_072912_101", "MM_080312_195", "SC_072812_130",
    "SC_072812_173", "SC_072812_156", "SC_072912_6", "SC_072912_95",
    "SC_072912_14", "SC_072612_212", "SC_072812_79", "SC_072812_87",
    "SC_072812_69", "SC_072912_20", "SC_072812_193", "SC_072912_10",
    "SC_072912_66", "SC_072812_22", "SC_072712_216", "SC_072912_97",
    "SC_072812_46", "SC_072712_15", "SC_072712_154", "SC_072712_1",
    "SC_072312_211", "SC_072612_90", "SC_072812_59", "SC_072312_210",
    "SC_072012_246", "SC_072112_128", "SC_072112_32", "SC_072612_27",
    "SC_072612_216", "SC_072612_45", "SC_072112_129", "SC_072312_213",
    "SC_072112_137", "SC_072612_171", "SC_072112_43", "SC_072612_186",
    "SC_072012_165", "SC_072012_216", "SC_072012_204",
    "SC_072012_224", "SC_072612_105", "SC_072612_192",
    "SC_072012_225", "SC_072112_127", "SC_072612_79", "SC_072712_146",
    "SC_072712_150", "SC_072612_76", "SC_072712_10", "SC_072712_159",
    "PL_081012_104", "SC_072712_155", "SC_072312_53", "SC_072312_62",
    "SC_072612_208", "PL_080912_163",
    "SC_072712_211","MM_080212_287")),
  
  Copestylum_marginatum = list(genus = "Copestylum", subgenus="",
    species = "marginatum", subspecies="", sex="", author = "Say",
    temp.id = c("PL_081112_231","PL_081312_104","PL_081212_174",
    "PL_081212_273", "PL_081212_24", "PL_081212_56")),

  Copestylum_lentum = list(genus ="Copestylum",subgenus="", species =
    "lentum", subspecies="", sex="", author ="Williston", temp.id =
    c("MM_080112_32", "SC_072612_182", "MM_080112_209",
    "MM_073112_14", "MM_080112_6", "MM_080112_50", "MM_080112_57",
    "MM_080212_2", "MM_080112_119", "MM_080212_15", "MM_080212_5",
    "MM_080212_8", "MM_073112_92", "MM_080112_213", "MM_080112_7",
    "MM_080112_36", "MM_073112_75", "MM_073112_5", "MM_080112_135",
    "MM_080412_199", "MM_080112_195", "CH_081812_10", "MM_080212_178",
    "MM_080212_228", "MM_080212_293", "MM_080312_64", "MM_080412_200",
    "MM_080412_217", "MM_080212_295", "MM_080312_65", "MM_080312_59",
    "MM_080212_186", "MM_080312_49", "MM_080212_165", "MM_080212_189",
    "MM_080212_253", "MM_080212_235", "MM_080212_156",
    "MM_080212_130", "MM_080212_226", "MM_080312_60", "MM_080212_125",
    "MM_080212_126", "MM_080212_129", "MM_080212_51", "MM_080212_50",
    "MM_080212_134", "MM_080412_118", "MM_080412_172",
    "MM_080412_152", "MM_080412_30", "MM_080412_129", "MM_080212_149",
    "MM_080412_31", "MM_080412_131", "MM_080312_176", "MM_080412_35",
    "MM_080412_34", "MM_080412_81", "MM_080412_128", "SC_072812_48",
    "SC_072812_196", "MM_080412_161", "MM_080412_162",
    "MM_080312_172", "MM_080412_130", "MM_080412_61", "SC_072812_183",
    "SC_072812_23", "SC_072612_224", "SC_072612_88", "SC_072612_56",
    "SC_072612_83", "SC_072712_190", "SC_072612_230", "SC_072612_26",
    "SC_072012_231", "SC_072012_300", "SC_072612_40", "SC_072912_8",
    "SC_072812_24", "SC_072612_48", "SC_072712_142", "SC_072612_227",
    "SC_072712_8", "SC_072712_55", "SC_072712_92", "SC_072712_51",
    "SC_072612_215", "SC_072712_38", "SC_072712_18", "PL_081012_48",
    "SC_072612_38", "SC_072612_36", "SC_072612_181", "SC_072712_140",
    "SC_072012_227", "MM_080212_148", "MM_080312_56", "MM_080112_55",
    "MM_080212_17", "MM_073112_79", "MM_080212_7", "MM_080212_6",
    "MM_080112_101", "MM_080212_215", "MM_080212_278",
    "MM_080212_227", "MM_080212_34", "MM_080212_86", "MM_080212_83",
    "MM_080212_84", "MM_080212_62", "MM_080412_156", "MM_080412_173",
    "MM_080312_88", "MM_080412_160", "MM_080412_57", "SC_072912_24",
    "SC_072812_36", "SC_072812_117", "SC_072812_186", "SC_072912_43",
    "SC_072912_96", "SC_072812_45", "SC_072812_19", "SC_072812_31",
    "SC_072712_16", "SC_072012_166", "SC_072612_198", "SC_072612_53",
    "SC_072012_247", "SC_072612_85", "SC_072012_236", "SC_072312_207",
    "SC_072812_49", "SC_072712_162", "SC_072712_93", "SC_072012_319",
    "SC_072612_228", "SC_072612_25", "SC_072612_231")),

  Copestylum_violaceum = list(genus ="Copestylum",subgenus="", species
    = "violaceum", subspecies="", sex ="", author ="Say", temp.id =
    c("CH_082112_98", "CH_082212_30", "CH_082212_50", "CH_082212_49",
    "CH_082012_16", "PL_081212_272", "PL_081312_61", "MM_080112_236",
    "MM_080212_279", "CH_082112_101", "MM_073112_85", "MM_073112_27",
    "MM_073112_42", "MM_080112_78", "MM_073112_93", "MM_073112_89",
    "MM_080112_72", "MM_080112_211", "MM_080112_104", "MM_080112_203",
    "MM_080112_77", "MM_080112_205", "MM_080112_79", "MM_080112_202",
    "MM_080112_201", "MM_073112_95", "MM_080112_206", "MM_080112_71",
    "MM_080112_207", "MM_080112_160", "MM_073112_88", "MM_073112_90",
    "MM_080112_204", "MM_080112_171", "MM_073112_77", "MM_073112_32",
    "MM_073112_40", "MM_080212_32", "MM_073112_41", "MM_073112_94",
    "MM_073112_109", "MM_080212_246", "MM_080212_35", "MM_080212_36",
    "MM_080212_245", "MM_080212_31", "MM_080212_33", "MM_080212_55",
    "MM_080212_54", "MM_080212_273", "MM_080212_133", "MM_080312_42",
    "MM_080412_86", "MM_080412_88", "MM_080412_178", "MM_080212_274",
    "MM_080312_41", "MM_080312_40", "MM_080312_166", "MM_080412_47",
    "MM_080212_272", "MM_080412_43", "MM_080412_180", "MM_080412_87",
    "MM_080412_40", "MM_080312_174", "MM_080312_57", "MM_080412_143",
    "MM_080412_175", "MM_080412_48", "MM_080212_312", "PL_081012_9",
    "MM_080412_41", "MM_080312_160", "PL_080912_42", "PL_080912_41",
    "PL_080912_164", "MM_073112_87", "MM_080112_30","PL_081112_218",
    "MM_080112_177","MM_073112_98")),
  
  Copestylum_mexicana = list(genus = "Copestylum",subgenus="", species
    = "mexicana", subspecies="", sex = "", author = "Macquart",
    temp.id = c("SC_072312_244", "MM_080112_54", "PL_081112_219")),