scolia <- list(
  scolia_sp1 =
  c("CH_082012_19","CH_082012_74","CH_082012_21","CH_082012_18","CH_082012_66","CH_082012_78","CH_082112_103",
    "CH_082012_155","CH_082012_97","CH_082012_20","CH_082212_18","CH_082112_94","CH_082012_81","CH_082012_79",
    "CH_082012_153","CH_082112_78","CH_082012_93","CH_082012_95","CH_082012_80","CH_082212_20","CH_082112_77",
    "CH_082112_19","CH_082112_18","CH_082112_102","CH_082112_96","CH_082112_167","CH_081812_15","PL_081312_56",
    "PL_081212_63"),
  
  scolia_sp2 =c
  ("PL_081312_7","PL_081312_55","PL_081312_192","PL_081312_140","PL_081312_58","PL_081312_127","PL_081312_96","PL_081212_38")
  )