honeybees <- list(

honeybee
=c("CH_082112_126","CH_082112_125","CH_082112_138","CH_082112_135","CH_082112_136","CH_082112_134","CH_082112_133","CH_082112_149","CH_082112_150","CH_082112_181","CH_082112_145","CH_082112_128","CH_082112_12","CH_082112_11","CH_082112_137","CH_082112_10","CH_082112_66","CH_082112_72","CH_082112_83","CH_082112_80","CH_082112_120","CH_082112_130","CH_082112_131","CH_082112_28","CH_082112_30","CH_082112_129","CH_082112_151","CH_082112_146","CH_082112_142","CH_082112_141","CH_082112_183","CH_082112_13","CH_082112_140","CH_082112_25","CH_082112_23","CH_082112_22","CH_082112_34","CH_082112_24","CH_082112_26","CH_082112_105","CH_082112_127","CH_082112_139","CH_082112_32","CH_082112_35","CH_082112_33","CH_082112_31","CH_082112_29","CH_082212_79","CH_082212_76","CH_082212_78","CH_082212_73","CH_082112_214","CH_082212_74","CH_082112_215","CH_082212_77","CH_082212_75","CH_082212_57","CH_082212_58","CH_082212_84","CH_082012_39","CH_082212_12","CH_082212_14","CH_082212_11","CH_082212_15","CH_082212_16","CH_082212_33","CH_082212_4","CH_082212_1","CH_082212_8","CH_082012_88","CH_082212_10","CH_082212_9","CH_082212_5","CH_082212_2","CH_082112_143","CH_082112_152","CH_082112_170","CH_082212_6","CH_082212_43","CH_082212_7","CH_082112_160","CH_082112_159","CH_082212_41","CH_082212_42","CH_082112_164","CH_082112_147","CH_082112_144","CH_082212_3","CH_082112_123","CH_082112_163","CH_082112_161","CH_082112_132","CH_082112_148","CH_082112_162","CH_082212_21","CH_082212_40","CH_082112_57","CH_082012_214","CH_082012_221","CH_082112_59","CH_082012_220","CH_082012_170","CH_082012_178","CH_082112_60","CH_082012_112","CH_082012_177","CH_082012_176","CH_082012_180","CH_082012_213","CH_082012_217","CH_082012_222","CH_082112_53","CH_082012_210","CH_082012_38","CH_082012_215","CH_082012_175","CH_082012_89","CH_082012_34","CH_082012_53","CH_082012_172","CH_082012_173","CH_082012_216","CH_082012_87","CH_082012_209","CH_082012_174","CH_082012_86","CH_082012_36","CH_082012_156","CH_082012_160","CH_082012_213","CH_082012_208","CH_082012_41","CH_082012_40","CH_082012_111","CH_082012_158","CH_082012_211","CH_082012_218","CH_082012_110","CH_082012_159","CH_082012_43","CH_082012_109","CH_082012_219","CH_082012_212","CH_082012_108","CH_082012_171","CH_082012_206","CH_081912_19","CH_082012_207","CH_082012_42","CH_082012_157","CH_082012_204","CH_082012_44","CH_082012_65","CH_082012_45","CH_082012_107","CH_082012_205","CH_082012_169","PL_081312_177","PL_081312_179","CH_082112_216","CH_082012_46","CH_082012_47","CH_082012_68","CH_082012_168","PL_081312_43","PL_081312_181","PL_081312_175","PL_081312_178","PL_081312_174","PL_081312_176","PL_081012_223","PL_081212_175","PL_081212_159","PL_081212_157","PL_081212_261","PL_081212_260","PL_081212_257","PL_081212_258","PL_081312_123","PL_081212_177","PL_081312_184","PL_081312_183","PL_081312_124","PL_081212_176","PL_081212_158","PL_081212_265","PL_081212_155","PL_081212_156","PL_081212_161","PL_081312_126","PL_081312_125","PL_081312_182","PL_081312_180","PL_081212_259","PL_081212_27","PL_080912_251","PL_081012_262","PL_081112_59","PL_081012_250","PL_081212_28","PL_081212_15","PL_081012_253","PL_081012_244","PL_081112_39","PL_081112_214","PL_081112_226","PL_081112_225","PL_081212_16","PL_081012_263","PL_081112_141","PL_080912_252","PL_080912_83","PL_080912_118","PL_081012_228","PL_081012_217","PL_081112_16","PL_081112_12","PL_081112_11","PL_081112_6","PL_081112_138","PL_080912_127","PL_080912_117","PL_080912_253","PL_081012_10","PL_081012_132","PL_081012_103","PL_081012_216","PL_081012_251","PL_081112_146","PL_081112_38","PL_081012_255","PL_080912_86","PL_080912_108","PL_080912_116","PL_081112_9","PL_080912_115","PL_081112_44","PL_080912_167","PL_080912_119","PL_080912_120","PL_080912_121","PL_080912_126","PL_080912_125","MM_073112_60","MM_073112_11","MM_073112_17","MM_073112_7","PL_081112_27","PL_081112_5","PL_081112_10","MM_080112_9","MM_080212_26","MM_080212_27","MM_080112_25","MM_080112_12","MM_073112_61","MM_080212_147","MM_080112_140","MM_080212_16","MM_080212_4","MM_080112_21","MM_080112_24","MM_080212_241","MM_080212_243","MM_080212_10","MM_073112_13","MM_080112_8","MM_080212_185","MM_080312_11","MM_080312_30","MM_080312_25","MM_080312_24","MM_080312_23","MM_080212_239","MM_080412_7","MM_080312_148","MM_080312_7","MM_080312_5","MM_080312_147","MM_080312_149","MM_080412_9","MM_080412_8","MM_080412_10","MM_080312_3","MM_080412_233","MM_080412_231","CH_082012_9","CH_082012_11","CH_081912_12","CH_082012_4","MM_080412_232","MM_080412_230","CH_081812_18","CH_081812_16","CH_081912_13","CH_081912_7","CH_081912_5","CH_081912_2","CH_082012_10","MM_080212_313","MM_080212_314","CH_081812_8","CH_081812_13","CH_082012_37","PL_081212_195","CH_082112_124","MM_080412_59")

  )
