missing <- list(
Lasioglossum_dialictus_sp3 =c("JC_071712_102"),

andrena =c("JC_071512_193", "JC_071712_203", "JC_071712_202", "JC_071712_204", "JC_071512_194", "JC_071712_201", "JC_071512_184", "JC_071512_190"),

anthophora =c("SC_072012_265","JC_071412_62", "SC_072812_4", "PL_081312_145", "PL_081112_41", "PL_080912_287","SC_072712_62"),

megachile = c("PL_081212_10"),

centris =c("PL_081012_95"),

carpenter_bee=c("PL_081312_6","CH_082012_135"),

Melissodes = c("CH_082012_55"),

honeybees =c("CH_082112_143","CH_082112_152","CH_082112_170","CH_082112_160","CH_082112_159","CH_082112_164","CH_082112_147","CH_082112_144","PL_081112_6","PL_081012_217","MM_080312_30","PL_081212_195","MM_080412_59"),

bombus =c("CH_082012_136","CH_082112_65","CH_082012_113","CH_082112_108","CH_082212_70","CH_082212_71"),

bomby =c("PL_081112_159","PL_081112_160","PL_081012_234","PL_081112_169","PL_081312_27","MM_080212_158","PL_081112_168","MM_080212_292","PL_081012_172","JC_071712_200","PL_081212_85","PL_080912_301","PL_081012_35","PL_080912_37","PL_081112_228"),

pomp =c("PL_081012_212", "CH_082012_5","CH_082112_76",
    "PL_081212_31", "CH_082112_3", "CH_082012_8", "CH_082012_91"),
    
    
      chalcidae_sp1 =c("JC_071212_118"),

  Pteromalidae_sp1 =c("SC_072312_253"),
  
    Collops_sp1 =c("MM_080212_52",
    "JC_071412_52",
    "JC_071512_35",
    "JC_071512_108",
    "SC_072812_220",
    "SC_072312_43"),

  Meloidae_sp1 =c("SC_072712_71",
    "SC_072912_16"),

  Lampyridae_sp1 =c("CH_081812_5"),

  Carabidae_sp1 =c("SC_072812_72"),

  Buprestidae_sp1 =c("CH_082112_173",
    "CH_082212_68",
    "CH_082012_181",
    "CH_082012_118",
    "CH_082012_70",
    "CH_082012_56",
    "CH_082012_57",
    "CH_082012_71"),

  Buprestidae_sp2 =c("CH_082212_23"),

  Buprestidae_sp3 =c("CH_082012_67",
    "CH_082212_65",
    "CH_082012_129",
    "CH_082012_138"),

  scutelleridae_sp1 =c("SC_072712_188"),
  
  misc =c("JC_071512_32", "JC_071212_56","JC_071212_119", "JC_071512_187","JC_071512_196","JC_071712_59", "JC_071712_85","JC_071512_188","JC_071512_128","SC_072012_119",
  "SC_072112_111","SC_072112_110"),
	
 tachinids=c("MM_080312_124","MM_080112_145","MM_080312_44",  "PL_081012_364","PL_081212_181",
    "PL_081112_435","JC_071412_158","PL_081312_28","SC_072312_101",
    "SC_072312_77"),	
        
   misc =c("PL_081212_220",
   "PL_081212_110",
   "PL_081112_197",
   "PL_081112_156",
   "PL_081212_111",
   "PL_081112_90",
   "PL_081212_99",
   "PL_081112_68",
   "PL_081312_93",
   "PL_081112_205") 
)