Unknown_fly_sp1 <-c(SC_072812_65,
SC_072812_64,
SC_072812_63,
SC_072812_141,
SC_072712_261,
SC_072712_225,
SC_072712_230,
SC_072812_137,
SC_072712_232,
SC_072712_233,
SC_072712_253,
SC_072812_104,
SC_072812_103,
SC_072712_251,
SC_072712_248,
SC_072712_247,
SC_072712_249,
SC_072712_246,
SC_072712_250,
SC_072912_29,
SC_072312_170,
SC_072312_134,
SC_072312_133,
SC_072312_132,
SC_072912_116,
SC_072312_142,
SC_072612_96,
SC_072312_141,
SC_072312_131,
SC_072612_6,
SC_072612_144,
SC_072612_130,
SC_072312_115,
SC_072312_126,
SC_072312_136,
SC_072312_128,
SC_072312_129,
SC_072312_137,
SC_072312_138,
SC_072312_127,
SC_072312_143,
SC_072312_139,
SC_072312_124,
SC_072312_123,
SC_072312_122,
SC_072112_3,
SC_072312_130,
SC_072312_121,
SC_072312_120,
SC_072312_119,
SC_072312_118,
SC_072312_117,
SC_072312_125,
SC_072312_116,
SC_072312_114,
SC_072312_140,
SC_072012_3,
SC_072012_221,
SC_072312_163,
SC_072312_95,
SC_072312_112,
SC_072612_71,
SC_072612_70,
SC_072112_9,
SC_072112_8,
SC_072112_1,
SC_072612_73,
SC_072612_72,
SC_072112_5,
SC_072112_4,
SC_072312_98,
SC_072312_111,
SC_072312_113,
SC_072312_97,
SC_072312_104,
SC_072312_110,
SC_072312_107,
SC_072712_89,
SC_072312_75,
SC_072312_99,
SC_072312_100,
SC_072312_108,
SC_072312_109,
SC_072612_69,
SC_072112_7,
SC_072612_65,
SC_072312_102,
SC_072312_96,
SC_072312_103,
SC_072312_80,
SC_072312_74,
SC_072312_67,
SC_072612_66,
SC_072112_12,
SC_072012_270,
SC_072012_271,
SC_072012_272,
SC_072012_157,
SC_072012_191,
SC_072312_106,
SC_072312_73,
SC_072312_72,
SC_072312_81,
SC_072312_79,
SC_072612_68,
SC_072712_86,
SC_072712_88,
SC_072712_87,
SC_072312_78,
SC_072312_86,
SC_072712_83,
SV_072012_188,
SC_072012_190,
SC_072012_269,
SC_072012_268,
SC_072012_267,
SC_072012_266,
SC_072312_82,
SC_072312_84,
SC_072312_83,
MM_080212_123,
MM_080212_132,
CH_082012_161,
CH_082012_82,
SC_072312_89,
SC_072312_90,
SC_072312_88,
SC_072312_85,
SC_072312_87,
SC_072312_92,
SC_072312_91,
SC_072712_85,
SC_072012_142,
SC_072312_94,
SC_072012_146,
SC_072012_148,
SC_072112_11,
SC_072012_274,
SC_072112_6)


Unknown_fly_sp2 <-c(JC_071412_100)

Unkown_fly_sp3 <-c(JC_071212_90,
JC_071212_87,
JC_071412_58,
JC_071512_87,
JC_071712_162,
JC_071512_186)

Unknown_fly_sp4 <-c(JC_071612_135,
JC_071212_88,
JC_071412_108,
JC_071512_103,
JC_071612_130,
JC_071512_185,
JC_071612_137,
JC_071612_138)

Fanniidae_sp5 <-c(JC_071212_116,
JC_071212_115,
JC_071212_111,
JC_JC_071212_15,
JC_071112_10,
JC_071412_151,
JC_071512_117,
JC_071412_156,
JC_071212_112,
JC_071612_87,
JC_071512_178,
JC_071512_83,
JC_071412_20,
JC_071412_116,
JC_071512_192,
JC_071612_151,
JC_071412_56,
JC_071112_13,
JC_071212_117,
JC_071512_179,
JC_071512_182,
JC_071512_163,
JC_071512_45,
JC_071412_75,
JC_071412_76,
JC_071412_33,
JC_071412_78,
JC_071512_28,
JC_071412_148,
JC_071112_22,
JC_071612_84,
JC_071712_82,
JC_071512_181,
JC_071512_76,
JC_071712_61,
JC_071412_79,
JC_071412_77,
JC_071412_155,
JC_071412_128,
JC_071412_129,
JC_071412_73,
JC_071212_113,
JC_071212_35,
JC_071212_25,
JC_071412_131,
JC_071412_133,
JC_071412_132,
JC_071412_138,
JC_071212_114,
JC_071412_11,
JC_071412_10,
JC_071412_14,
JC_071712_81,
JC_071412_130,
JC_071612_85,
JC_071712_62,
JC_071712_84,
JC_071612_83,
JC_071412_134,
JC_071412_80,
JC_071412_81,
JC_071412_135,
JC_071412_82,
JC_071412_85,
JC_071412_86,
JC_071412_136,
SC_072312_40,
SC_072712_84,
PL_081012_77,
PL_081012_76,
PL_081012_163,
SC_072012_1,
MM_080312_78,
MM_080312_55,
JC_071612_86,
MM_073112_73,
SC_072112_141,
SC_072312_270,
SC_072312_276,
SC_072312_278,
SC_072112_10,
SC_072312_3,
SC_072112_19,
SC_072012_273,
SC_072312_42,
JC_071512_180,
SC_072312_38,
SC_072012_129,
SC_072312_37,
SC_072012_156,
MM_080112_223,
MM_080312_138,
PL_081112_299,
PL_081112_234,
PL_080912_84)

Tachinid_sp9 <-c(MM_080212_252,
MM_080212_283,
MM_080212_44,
MM_080212_265,
MM_080212_248,
MM_080212_250,
MM_080212_213,
MM_080212_46,
MM_080212_47,
MM_080212_249,
MM_080212_211,
MM_080212_202,
MM_080212_247,
MM_080212_212,
MM_080212_44,
MM_080212_40,
MM_080212_43,
MM_080212_41,
MM_080212_85,
MM_080212_98,
MM_080212_53,
MM_080212_48,
MM_080212_307,
MM_080212_284,
MM_080212_255,
MM_080212_281,
MM_080212_207,
MM_080212_164,
MM_080212_39,
CH_082012_13,
MM_080412_243,
MM_080212_177,
MM_080212_111,
MM_080212_251,
MM_080212_112,
MM_080312_75,
MM_080212_266,
MM_080312_52,
PL_081312_353,
MM_080412_170,
MM_080212_269,
MM_080312_46,
MM_080312_73,
MM_080412_241,
MM_080412_148,
MM_080312_100,
MM_080312_165,
MM_080412_147,
MM_080312_91,
MM_080412_37,
PL_081112_195,
PL_081012_165,
MM_080112_33,
MM_080112_28,
MM_073112_23,
CH_082112_171,
MM_080312_207,
MM_080412_39,
MM_080412_66,
MM_080112_29,
MM_080112_176,
MM_080112_181,
MM_080112_174,
CH_082212_27,
CH_082012_154,
MM_080112_43,
MM_080112_45,
MM_073112_108,
MM_080112_42,
MM_080112_41,
MM_080112_162,
MM_073112_25,
MM_073112_82,
MM_080112_70,
MM_080112_154,
MM_080112_189,
MM_080112_183,
MM_080112_184,
MM_080212_81,
MM_080112_179,
MM_080112_166,
MM_080112_178,
MM_080112_170,
MM_080112_255,
MM_080112_157,
MM_080112_155,
MM_080112_103,
MM_080112_102,
MM_080112_153,
MM_080212_11,
MM_073112_78,
MM_073112_37,
MM_073112_74,
MM_080112_53,
MM_080112_158,
MM_080112_89,
MM_080112_46,
MM_080412_238,
JC_071412_100,
MM_080112_51,
MM_080412_145,
MM_073112_86)

Tachinid_sp10 <-c(PL_081212_374,
PL_081312_299)

Tachinid_sp13 <-c(PL_081212_368,
PL_081212_371,
PL_081312_336,
PL_081312_292,PL_081312_342,
PL_081212_364,
PL_081212_318,
PL_081112_436,
PL_081112_344,
PL_081112_323,
PL_081312_301,
PL_081212_337,
PL_081212_319,
PL_081212_341,
PL_081312_297,
PL_081212_338,
PL_081312_348,
PL_081212_314,
PL_081212_316,
PL_081012_362,
PL_081112_380,
PL_081112_417,
PL_080912_208,
PL_081112_428,
PL_081212_373,
PL_081212_376,
PL_081212_370,
PL_080912_8,
PL_080912_59,
PL_080912_89,
PL_080912_188,
PL_080912_3,
PL_081012_351,
PL_081012_348,
PL_081312_364,
PL_081312_381,
PL_081312_374,
PL_080912_193,
PL_080912_191,
PL_080912_81,
PL_080912_30,
PL_081012_380,
PL_081012_365,
PL_081312_372,
PL_081312_378,
PL_081312_366,
PL_081312_373,
PL_081112_456,
PL_081312_370,
PL_081012_376,
PL_081012_384,
PL_081312_351,
PL_081312_363,
PL_081212_185,
PL_081312_375,
PL_080912_337,
PL_080912_220,
PL_080912_318,
PL_081012_22,
CH_082012_140,
CH_082012_51,
CH_082012_191,
CH_082012_117,
PL_081012_71,
PL_080912_158,
PL_081012_44,
PL_081012_154,
PL_081012_36,
PL_081012_40,
PL_080912_332,
PL_081012_31,
PL_081012_25,
PL_081012_32,
PL_081012_46,
PL_081012_58,
PL_081012_70,
PL_081012_26,
PL_081012_41,
PL_081012_153,
PL_081012_33,
PL_081012_30,
PL_081012_45,
PL_080912_229,
PL_081012_37,
PL_081012_29,
PL_081012_378,
PL_081312_385,
PL_080912_19,
PL_081012_34,
PL_081012_27,
PL_080912_215,
PL_081012_42,
PL_081012_47,
PL_081012_363,
PL_080912_60,
PL_081312_388,
PL_081312_382,
PL_081012_362,
PL_081012_377,
PL_081012_389,
PL_081012_371,
PL_081012_392,
PL_081012_367,
PL_081012_381,
PL_081312_384,
PL_081312_387,
PL_081312_390,
PL_081012_379,
PL_081012_21,
PL_080912_2-2,
PL_080912_240,
PL_081012_374,
PL_080912_183,
PL_080912_51,
PL_080912_26,
PL_080912_28,
PL_080912_109,
PL_081012_20,
PL_080912_324,
PL_080912_214,
PL_080912_172,
PL_080912_17,
PL_080912_181,
PL_080912_52,
PL_080912_18,
PL_080912_71,
PL_080912_49

