fly.list <- list(

Tachinid_sp1 = c("MM_080412_36", 
"MM_080412_124",
"MM_080412_125",
"MM_080412_112",
"MM_080412_114",
"MM_080412_12",
"MM_080312_118",
"MM_080412_13",
"MM_080412_11",
"MM_080312_117",
"MM_080412_15",
"MM_080312_119",
"MM_080412_16",
"MM_080312_163",
"MM_080312_127",
"MM_080312_159",
"MM_080412_124",
"MM_080312_116",
"SC_072312_30",
"MM_080412_91",
"MM_080312_130",
"MM_080212_24",
"JC_071712_179",
"MM_080312_121",
"JC_071712_142",
"MM_080112_165",
"MM_080212_19",
"MM_080412_226",
"MM_080112_22",
"MM_073112_55",
"MM_073112_4",
"MM_073112_1",
"MM_080112_19",
"MM_080212_234",
"MM_080312_22",
"MM_080312_20",
"MM_080212_142",
"MM_080212_233",
"MM_080212_119",
"MM_080212_141",
"MM_080312_45",
"MM_080212_118",
"MM_080212_149",
"MM_080212_145",
"MM_080212_150",
"MM_080312_18",
"MM_080312_21",
"MM_080212_271",
"JC_07112_24",
"JC_071512_23",
"JC_071412_2",
"MM_080312_17",
"MM_080212_183",
"MM_080212_180",
"JC_071712_145",
"JC_071712_144",
"JC_071712_143",
"JC_071712_146",
"MM_080212_145",
"MM_080412_222",
"MM_080412_224",
"MM_080412_221",
"MM_082012_148",
"MM_080212_20",
"MM_080112_133",
"MM_080112_129",
"MM_080412_225",
"MM_080412_223",
"MM_080412_228",
"MM_080412_227",
"MM_080412_229",
"MM_080112_147",
"MM_080112_1",
"MM_080112_146",
"MM_07312_53",
"MM_080112_137",
"MM_080112_73",
"MM_080112_4",
"MM_073112_10",
"MM_073112_29",
"MM_073112_52",
"MM_073112_110",
"MM_073112_84",
"MM_073112_51",
"MM_073112_54",
"MM_073112_50",
"MM_080112_18",
"MM_073112_9",
"MM_080212_18"),

Tachinid_sp2 = c("CH_082012_17",
"CH_082012_69",
"CH_082112_99",
"CH_082112_70",
"CH_082112_5",
"CH_081812_2"),

Tachinid_sp3 =c("SC_072312_32",
"SC_072612_11",
"SC_072712_141"),

Tachinid_sp4 =c("CH_082212_13",
"MM_080212_38",
"MM_073112_83",
"CH_081912_6",
"MM_080412_17",
"MM_080412_113",
"MM_080412_127",
"MM_080412_14",
"MM_080312_120",
"MM_080312_19"),

Tachinid_sp5 =c("CH_082012_58",
"CH_082012_149",
"MM_080412_38",
"CH_082212_64",
"MM_080112_44",
"JC_071612_70",
"CH_082012_75",
"CH_082012_77",
"SC_072812_153",
"SC_072812_67"),

Tachinid_sp6 =c("MM_080412_201",
"MM_080412_202",
"MM_080312_4",
"MM_080112_66",
"CH_082112_82",
"MM_080112_164",
"PL_081112_242",
"PL_081212_61",
"PL_081112_232",
"CH_082212_59",
"SC_072012_9",
"PL_081012_55",
"SC_072712_223",
"MM_073112_102",
"MM_080112_75"),

Tachinid_sp7 =c("SC_072012_9",
"CH_082212_59",
"PL_081112_232",
"PL_081212_61",
"PL_081112_242",
"MM_080112_164",
"MM_080112_75",
"MM_073112_102",
"SC_072712_223",
"PL_081012_55"),

Tachinid_sp8 =c("PL_081112_377",
"PL_081112_385",
"PL_081112_382",
"PL_081212_389",
"PL_081212_388",
"PL_081212_315",
"PL_081212_385",
"PL_081112_393",
"PL_081212_353",
"PL_081212_413",
"PL_081212_412",
"PL_081212_417",
"PL_081112_396",
"PL_081212_322",
"PL_081212_358",
"PL_081112_402",
"PL_081212_415",
"PL_081212_425",
"PL_081212_324",
"PL_081212_321",
"PL_081212_419",
"PL_081312_313",
"PL_081212_411",
"PL_081312_318",
"PL_081312_316",
"PL_081112_290",
"PL_081212_330",
"PL_081212_416",
"PL_081112_313",
"PL_081112_316",
"PL_081212_409",
"PL_081312_329",
"PL_081112_292",
"PL_081312_314",
"PL_081112_311",
"PL_081312_320",
"PL_081112_314",
"PL_081212_428",
"PL_081312_331",
"PL_081312_310",
"PL_081112_335",
"PL_081212_427",
"PL_081312_311",
"PL_081212_404",
"PL_081212_408",
"PL_081112_325",
"PL_081112_334",
"PL_081112_326",
"PL_081212_403",
"PL_081112_304",
"PL_081112_296",
"PL_081212_431",
"PL_081212_432",
"PL_081212_433",
"PL_081212_344",
"PL_081112_356",
"PL_081112_338",
"PL_081112_364",
"PL_081112_317",
"PL_081212_401",
"PL_081112_293",
"PL_081112_315",
"PL_081112_444",
"PL_081012_357",
"PL_081212_397",
"PL_081212_402",
"PL_081012_341",
"PL_081212_345",
"PL_081112_365",
"PL_081112_363",
"PL_081212_382",
"PL_081112_443",
"PL_081112_394",
"PL_081212_329",
"PL_081012_360",
"PL_081112_413",
"PL_081112_398",
"PL_081112_400",
"PL_081012_349",
"PL_081012_352",
"PL_081112_391",
"PL_081212_196",
"PL_081112_61",
"PL_081212_106",
"PL_081112_95",
"PL_081312_35",
"PL_081212_104",
"PL_081112_239",
"PL_081112_120",
"PL_081212_217",
"PL_081212_209",
"PL_081012_196",
"PL_081012_282",
"PL_081112_237",
"PL_081012_185",
"PL_081212_183",
"PL_081312_69",
"PL_081012_192",
"PL_081312_88",
"PL_081212_210",
"PL_081312_89",
"PL_081012_229",
"PL_081212_226",
"PL_081312_34",
"PL_081312_64",
"PL_081212_189",
"PL_081112_124",
"PL_081112_99",
"PL_081112_100",
"PL_081012_270",
"PL_081212_197",
"PL_081212_186",
"PL_081212_80",
"PL_081112_86",
"PL_081112_238",
"PL_081012_230",
"PL_081212_212",
"PL_081312_63",
"PL_081212_60",
"PL_081112_202",
"PL_081112_87",
"PL_081112_236",
"PL_081212_187",
"PL_081012_214",
"PL_081112_98",
"PL_081112_93",
"PL_081212_214",
"PL_081212_126",
"PL_081012_181",
"PL_081012_147",
"PL_081212_109",
"PL_081312_86",
"PL_081112_197",
"PL_081112_240",
"PL_081112_203",
"PL_081012_200",
"PL_081012_176",
"PL_081012_186",
"PL_081012_105",
"PL_081112_84",
"PL_081112_65",
"PL_081112_83",
"PL_081012_280",
"PL_081212_223",
"PL_081112_62",
"PL_081012_188",
"PL_081012_187",
"PL_081012_140",
"PL_081012_180",
"PL_081112_67",
"PL_081012_268",
"PL_081012_220",
"PL_081012_199",
"PL_081112_97",
"PL_081012_203",
"PL_081012_211",
"PL_081012_277",
"PL_081012_193",
"PL_081312_371",
"PL_081312_356",
"PL_081312_358",
"PL_081112_453",
"PL_081312_365",
"PL_081312_360",
"PL_081112_25",
"PL_080912_194",
"PL_080912_20",
"PL_080912_221",
"PL_080912_326",
"PL_080912_320",
"PL_080912_308",
"PL_080912_217",
"PL_080912_225",
"PL_080912_299",
"PL_080912_293",
"PL_080912_338",
"PL_080912_101",
"PL_080912_329",
"PL_081012_19",
"PL_080912_199",
"PL_080912_227",
"PL_080912_307",
"PL_080912_321",
"PL_080912_316",
"PL_080912_313",
"PL_080912_96",
"PL_080912_219",
"PL_080912_200",
"PL_080912_228",
"PL_080912_298",
"PL_080912_333",
"PL_080912_328",
"PL_080912_322",
"PL_080912_317",
"PL_080912_310",
"PL_080912_195",
"PL_080912_216",
"PL_080912_222",
"PL_080912_226",
"PL_080912_305",
"PL_080912_339",
"PL_080912_97",
"PL_080912_161",
"PL_080912_327",
"PL_080912_236",
"PL_080912_209",
"PL_080912_315",
"PL_080912_237",
"PL_080912_198",
"PL_080912_23",
"PL_080912_27",
"PL_080912_29",
"PL_080912_48",
"PL_080912_159",
"PL_080912_69",
"PL_080912_68",
"PL_080912_50",
"PL_080912_94",
"PL_080912_58",
"PL_080912_113",
"PL_080912_145",
"PL_080912_16",
"PL_080912_47",
"PL_080912_61",
"PL_080912_88",
"PL_080912_98",
"PL_080912_239",
"PL_080912_9",
"PL_080912_203",
"PL_080912_213",
"PL_080912_54",
"PL_080912_73",
"PL_080912_142",
"PL_080912_184",
"PL_080912_175",
"PL_080912_155",
"PL_080912_6",
"PL_080912_25",
"PL_080912_325",
"PL_081012_108",
"PL_081012_57",
"PL_081012_60",
"PL_081012_59",
"PL_081012_73",
"PL_080912_244",
"PL_081012_63",
"PL_080912_334",
"PL_081012_131",
"PL_081012_61",
"PL_081012_62",
"PL_081012_56",
"PL_080912_306",
"PL_081012_68",
"PL_081012_43",
"PL_081012_75",
"PL_081012_74",
"PL_081012_67",
"PL_081012_28",
"PL_081012_207",
"PL_081012_38",
"PL_081012_119",
"PL_081012_23",
"PL_081012_24",
"PL_080912_311",
"PL_080912_296",
"PL_080912_282",
"PL_080912_223",
"PL_080912_224",
"PL_080912_309",
"PL_080912_323",
"PL_080923_312",
"PL_080912_197",
"PL_080912_319",
"PL_080912_314",
"PL_080912_330",
"PL_080912_331",
"PL_080912_336",
"PL_080912_297",
"PL_080912_196",
"PL_080912_230",
"PL_081012_205",
"PL_080912_64",
"PL_080912_90",
"PL_080912_46",
"PL_080912_63",
"PL_080912_242",
"PL_080912_204",
"PL_080912_177",
"PL_080912_140",
"PL_080912_72",
"PL_080912_152",
"PL_080912_92",
"PL_080912_231",
"PL_080912_241",
"PL_080912_205",
"PL_080912_10",
"PL_080912_5",
"PL_080912_34",
"PL_080912_13",
"PL_080912_22",
"PL_080912_33",
"PL_080912_45",
"PL_080912_75",
"PL_080912_55",
"PL_080912_138",
"PL_080912_4",
"PL_080912_31",
"PL_080912_176",
"PL_080912_56",
"PL_080912_233",
"PL_080912_141",
"PL_080912_185",
"PL_080912_32",
"PL_080912_7",
"PL_080912_79",
"PL_080912_65",
"PL_080912_91",
"PL_080912_192",
"PL_080912_178",
"PL_080912_235",
"PL_080912_76",
