tachi_sp1 <- c(MM_080412_36,MM_080412_124,MM_080412_125,MM_080412_112,MM_080412_114,MM_080412_12,MM_080312_118,MM_080412_13,MM_080412_11,MM_080312_117,MM_080412_15,MM_080312_119,MM_080412_16,MM_080312_163,MM_080312_127,MM_080312_159,MM_080412_124,MM_080312_116,SC_072312_30,MM_080412_91,MM_080312_130,MM_080112_22,MM_073112_55,MM_073112_4,MM_073112_1,MM_080112_19,MM_080212_234,MM_080312_22,MM_080312_20,MM_080212_142,MM_080212_233,MM_080212_119,MM_080212_141,MM_080312_45,MM_080212_234,MM_080312_22,MM_080312_20,MM_080212_118,MM_080212_149,MM_080212_145,MM_080212_150,MM_080312_18,MM_080312_21,MM_080212_271,JC_07112_24,JC_071512_23,JC_071412_2,MM_080312_17,MM_080212_183,MM_080212_180,JC_071712_145,JC_071712_144,JC_071712_143,JC_071712_146,MM_080212_149,MM_080212_145,MM_080212_150,MM_080312_18,MM_080312_21,MM_080212_271,MM_080312_17,MM_080212_183,MM_080212_180,MM_080412_,MM_080412_222,MM_080412_224,MM_080412_221,MM_082012_148,MM_080212_20,MM_080112_133,MM_080112_129,MM_080412_225,MM_080412_223,MM_080412_228,MM_080712_227,MM_080412_229,MM_080112_147,MM_080112_1,MM_080112_146,MM_07312_53,MM_080112_137,MM_080112_73,MM_080112_4,MM_073112_10,MM_180112_137,MM_073112_29,MM_073112_52,MM_080112_29,MM_073112_110,MM_073112_84,MM_073112_51,MM_073112_54,MM_073112_50,MM_080112_18,MM_073112_9,MM_080212_18,MM_080212_24)

Tachi_sp11 <-(SC_072812_171,
SC_072712_203,
SC_072912_21,
SC_072712_194,
SC_072712_187,
SC_072712_189,
SC_072812_197,
SC_072812_85,
SC_072812_13,
SC_072812_30,
SC_071812_50,
SC_072812_44,
SC_072712_192,
SC_072012_10,
SC_072012_198,
SC_072012_242,
SC_02112_117,
SC_072812_36,
SC_072012_196,
SC_072312_26,
SC_072312_71,
SC_072712_11,
SC_072612_39,
SC_072612_43,
SC_072612_50,
SC_072612_42,
SC_072112_116,
SC_072312_233,
SC_072612_54,
SC_072312_67,
SC_072712_78,
JC_071712_40)

Tachi_sp12 <- c(CH_082012_94,
CH_082212_46,
CH_082112_6,
SC_082112_168)


Tachi_sp8 <- c(PL_081112_377,
PL_081112_385,
PL_081112_382,
PL_081212_280,
PL_081212_388,
PL_081212_315,
PL_081212_385,
PL_081112_393,
PL_081212_353,
PL_081212_413,
PL_081212_412,
PL_081212_417,
PL_081112_396,
PL_081212_322,
PL_081212_358,
PL_081112_402,
PL_081212_415,
PL_081212_425,
PL_081212_324,
PL_081212_34,
PL_081212_419,
PL_081312_313,
PL_081212_411,
PL_081312_318,
PL_081312_318,
PL_081312_316,
PL_081112_290,
PL_081212_330,
PL_081212_416,
PL_081112_313,
PL_081112_316,
PL_081212_409,
PL_081312_329,PL_081112_292,
PL_081312_314,
PL_081212_404,
PL_081312_320,
PL_081112_314,
PL_081212_428,
PL_081312_310,
PL_00811112_335,
PL_081312_311,
PL_081212_404,
PL_081112_325,
PL_081112_324,
PL_081112_326,
PL_08212_403,
PL_081112_304,
PL_81112_296,
PL_081212_431,
PL_081212_432,
PL_081212_433,
PL_081212_401,
PL_081112_293,
PL_081112_315,
PL_081112_338,
PL_081112_444,
PL_081012_357,
PL_081212_39,
PL_081212_402,
PL_081012_347,
PL_081212_382,
PL_081112_443,
PL_081112_314,
PL_081212_329,
PL_081012_360,
PL_081112_413,
PL_081112_398,
PL_081112_400,
PL_081012_349,
PL_081012_352,
PL_081112_391,
PL_081112_365,
PL_081212_345,
PL_081112_363,
PL_081212_196,PL_081112_61,
PL_081212_106,
PL_081112_95,
PL_081312_35,
PL_081212_104,
PL_081112_239,
PL_081112_120,
PL_081212_217,
PL_081212_209,
PL_081012_196,
PL_081012_282,
PL_081112_237,
PL_081012_185,
PL_081212_183,
PL_081312_69,
PL_081012_192,
PL_081312_88,
PL_081212_210,
PL_081312_89,
PL_081012_229,
PL_081212_226,
PL_081312_34,
PL_081312_64,
PL_081212_189,
PL_081112_124,
PL_081112_99,
PL_081112_100,
PL_081012_270,
PL_081012_197,
PL_081212_186,
PL_081212_80,
PL_081112_86,
PL_081112_238,
PL_081012_230,
PL_081212_212,
PL_081212_63,
PL_081212_60,
PL_081112_202,
PL_081112_87,
PL_081112_236,
PL_081212_187,
PL_081012_214,
PL_081112_98,
PL_081112_92,
PL_081212_214,
PL_081212_126,
PL_081212_181,
PL_081012_147,
PL_081212_109,
PL_081312_86,
PL_081112_197,
PL_081112_240,
PL_081112_203,
PL_081012_200,
PL_081012_176,
PL_081012_186,
PL_081012_105,
PL_081112_84,
PL_081112_65,
PL_081112_83,
PL_081012_280,
PL_081212_223,
PL_081112_62,
PL_081012_188,
PL_081012_187,
PL_081012_140,
PL_081012_180,
PL_081112_6,
PL_081012_268,
PL_081012_220,
PL_081012_199,
PL_081112_97,
PL_081012_203,
PL_081012_211,
PL_081012_277,
PL_081012_193,
PL_081312_371,
PL_081312_256,
PL_081312_358,
PL_081112_453,
PL_081312_265,
PL_081312_360,
PL_091112_25)