apidae <- list(

#  Sarastra_sp1 = c("PL_081112_46",
#    "PL_081312_44"),

#  Xylocopa_sp1 =c("CH_082012_135", "CH_082112_84", "CH_082112_93",
#"PL_081112_139", "PL_081112_4", "PL_080912_162", "PL_080912_302",
#"PL_081312_107", "PL_081312_173", "PL_081312_172", "PL_081312_6",
#"PL_081312_108", "PL_081212_267"),
  
#      centris_sp1 =c("PL_081312_17", "PL_081212_198",
#    "PL_081212_268", "PL_081312_16", "CH_082012_114", "CH_082112_114",
#    "PL_081212_139", "PL_081212_44", "PL_081312_20", "PL_081312_14",
#    "PL_081312_148", "PL_081212_1", "PL_081212_8", "PL_081212_138",
#    "PL_081212_40", "PL_081212_43", "PL_081112_42", "PL_081112_43",
#    "PL_081112_183", "PL_081112_182", "PL_081112_181",
#    "PL_081112_201", "PL_081012_95", "PL_081012_93", "PL_081012_91",
#    "PL_081012_233", "PL_081012_89", "PL_081112_45", "CH_082012_137",
#    "SC_072712_62", "MM_080212_236", "PL_081212_2", "PL_081012_87",
#    "SC_072812_7", "SC_072812_109", "SC_072712_68", "SC_072812_115",
#    "SC_072312_14", "SC_072812_110", "SC_072712_39", "SC_072712_119",
#    "SC_072012_133", "SC_072012_203", "SC_072812_128",
#    "SC_072812_127", "SC_072712_109", "SC_072812_1"),
    
#     Tetraloniella =c("PL_081312_19"),
    
#      Anthaphora_sp2 =c("SC_072812_116",
# "SC_072612_158", "SC_072712_118", "SC_072712_121", "SC_072712_122",
# "SC_072712_101", "SC_072812_111", "SC_072812_113", "SC_072012_265",
# "SC_072312_13", "SC_072812_5", "SC_072712_108", "SC_072712_106",
# "SC_072712_104", "SC_072712_103", "SC_072712_102", "SC_072812_114",
# "SC_072712_110", "SC_072712_67", "SC_072712_66", "SC_072612_115",
# "SC_072812_4", "SC_072912_19", "SC_072912_118", "JC_071712_138",
# "JC_071412_62", "JC_071412_63", "JC_071412_16", "JC_071712_25",
# "CH_082112_74", "MM_080412_75", "MM_080412_77", "MM_080412_76",
# "MM_073112_47",  "SC_072712_107", "SC_072812_159", "SC_072012_202",
# "SC_072112_47","SC_072912_63", "SC_072612_61")

Anthaphora_sp2 =c("PL_081312_146"),
 
#"CH_082112_116", "PL_081312_146",

  Anthaphora_sp1 =c("MM_080412_1", "MM_080312_96",
  "MM_080412_6", "MM_080412_3", "MM_080112_136", "MM_080312_123",
  "MM_080112_13", "MM_080212_121", "MM_080212_99", "MM_080412_140",
  "MM_080412_92", "MM_080412_176", "MM_080412_106", "MM_080412_110",
  "MM_080312_126", "MM_073112_16", "MM_080312_9", "MM_080312_15", "MM_080112_3",  "CH_082212_36", "MM_080312_131", "MM_080412_5", "MM_080112_142", "MM_080412_119",
 "MM_080412_2"),
  
    Anthophora_terminalis=c("PL_081012_257",
    "PL_081012_258", "PL_080912_287", "PL_081112_94", "PL_081012_259",
    "PL_081012_90", "PL_080912_283", "PL_081112_227", "PL_081112_179",
    "PL_081012_245", "PL_081012_86", "PL_081112_41", "PL_080912_284",
    "PL_081312_391", "PL_081012_260", "PL_080912_288",
    "PL_080912_285", "PL_080912_106", "PL_080912_105",
    "PL_080912_286", "PL_080912_104", "PL_080912_107", "PL_081112_40",
    "PL_081312_149", "PL_081112_229", "JC_071712_64", "PL_081012_88",
    "PL_081312_145","PL_081312_15"),
    
     melissodes <- list(

 Melissodes_sp1_f =c("CH_082012_55", "PL_081112_8", "CH_082012_72",
 "CH_082112_49", "CH_082112_158", "CH_082112_155", "CH_082112_106",
 "CH_082212_47", "CH_082012_120", "CH_082012_22", "CH_082212_80",
 "CH_082012_54", "CH_082112_115", "CH_082212_66", "CH_082212_82",
 "CH_082212_83", "CH_082012_133", "CH_082112_180", "CH_082112_51",
 "PL_081112_33", "PL_081012_83", "PL_081012_79", "PL_081012_246",
 "PL_081112_152", "PL_081112_19", "PL_081012_6", "PL_081112_37",
 "PL_081012_256", "PL_080912_123", "PL_081012_226", "SC_072812_216",
 "CH_081912_16", "JC_071712_43", "CH_082012_25", "JC_071112_23",
 "CH_081912_4", "JC_071212_107", "SC_072012_250", "CH_081912_8",
 "PL_080912_122", "PL_081112_230", "JC_071212_9", "PL_081012_225"),

  Melissodes_sp1_m =c("PL_081112_15", "PL_081312_51",
"PL_081312_164", "PL_081312_158", "PL_081312_157", "PL_081312_156",
"PL_081212_36", "PL_081212_166", "PL_081212_264", "PL_081312_8",
"PL_081312_3", "PL_081312_47", "PL_081212_33", "PL_081212_34",
"PL_081212_168", "PL_081212_163", "PL_081212_162", "PL_081212_167",
"PL_081112_140", "PL_081112_142", "PL_081212_270", "PL_081212_178",
"PL_081212_179", "PL_081212_35", "PL_081312_10", "PL_081212_262",
"PL_081212_164", "PL_081112_143", "PL_081112_144", "PL_081212_22",
"PL_081112_145", "PL_081212_17", "PL_081212_13", "PL_081312_159",
"PL_081112_34", "PL_081012_219", "PL_081012_82", "PL_081112_148",
"PL_080912_249", "PL_081012_17", "PL_081012_254", "PL_081312_295",
"CH_082112_71", "SC_072712_212", "PL_081112_35", "PL_081112_20",
"PL_081112_76"),

  Melissodes_sp2 =c("JC_071512_138", "JC_071512_136",
"SC_072712_215", "PL_081212_222", "SC_072812_25", "SC_072112_37",
"SC_072612_258", "SC_072012_251", "JC_071412_101", "SC_072712_214", "SC_072712_70", "JC_071212_106", "JC_071212_18",
"JC_071512_113", "JC_071512_164", "JC_071212_10", "PL_081212_26",
"PL_081212_23", "SC_072812_157", "SC_072812_181", "JC_071412_40",
"SC_072812_34", "JC_071712_28", "SC_072012_258", "JC_071612_100",
"JC_071612_63", "JC_071512_91", "JC_071212_8"),

  Melissodes_sp3 =c("PL_081312_45", "PL_081312_2", "PL_081312_199",
"PL_081212_194", "PL_081312_195"),

Melissodes_sp4 =c("CH_082112_156", "CH_082112_153", "CH_082212_22",
"PL_081212_25", "PL_081312_13", "PL_081212_165", "PL_081212_154",
"PL_081312_18", "CH_082012_119", "CH_082012_33", "CH_082012_139",
"CH_082012_23", "PL_081312_46", "CH_082112_36", "CH_082212_28",
"PL_081112_21", "PL_081112_14", "PL_081012_84", "PL_081112_22",
"PL_081212_42", "PL_080912_247", "PL_080912_128", "PL_081012_222",
"PL_081112_127", "PL_081112_23", "PL_081012_221", "JC_071212_33",
"JC_071612_30", "JC_071412_41", "JC_071112_14", "JC_071412_124",
"JC_071412_150", "JC_071412_125", "JC_071412_51", "JC_071412_48",
"JC_071612_29", "JC_071712_32", "JC_071712_54", "SC_072012_256",
"SC_072012_277", "SC_072012_167", "SC_072312_54", "SC_072312_49",
"SC_072312_15", "SC_072912_13", "JC_071612_120")

  
)
