
colletidae <- list(
  
 Hyleaus_sp1 =c("JC_071712_92", "JC_071612_125", "JC_071712_177",
    "JC_071712_158", "JC_071612_23", "JC_071212_52", "SC_072012_289",
    "SC_072712_171", "JC_071212_47","SC_072812_207",
"SC_072812_210"),
    
    "JC_071712_133", "JC_071512_64",
    "SC_072612_279", "JC_071512_155"
    
        Colletes_sp1 =c(#"MM_080212_240", #"SC_072712_58", #"PL_081312_133",
    #"MM_080412_4"),
    
    Colletes_sp2 =c("MM_073112_118", "SC_072612_134", "SC_072012_312",
    "SC_072012_21") )
