
Ichneumonid_braconid <- list(

Braconidae_sp1 = c("PL_081112_212",
"PL_081112_216",
"PL_080912_111",
"SC_072312_272",
"PL_081112_215",
"PL_081012_137",
"PL_081012_160",
"PL_081212_58"),

Braconidae_sp2 = c("SC_072912_74",
"SC_072812_217"),

Braconidae_sp3 = c("JC_071412_109"),

Braconidae_sp4 = c("PL_081012_112",
"PL_081312_90",
"PL_081212_120",
"PL_081212_91",
"PL_081012_293",
"PL_081212_98",
"PL_081212_100",
"PL_081312_91",
"PL_081112_248",
"JC_071512_100",
"SC_072312_274"),

Ichneumonidea_sp1 = c("PL_081112_50"),

Ichneumonidea_sp2 = c("PL_081112_249"),

Ichneumonidea_sp3 = c("PL_081112_30"),

Ichneumonidea_sp4 = c("PL_081212_219"),

Ichneumonidea_sp5 = c("SC_072712_170",
"SC_072012_135"),

Ichneumonidea_sp6 = c("JC_071712_76"),

Ichneumonidea_sp7 = c("PL_081212_207",
"PL_081012_51"),

Ichneumonidea_sp8 = c("CH_082012_76")

)