
beetles <- list(
  Collops_sp1 =c("MM_080212_52",
    "JC_071412_52",
    "JC_071512_35",
    "JC_071512_108",
    "SC_072812_220",
    "SC_072312_43"),

  Meloidae_sp1 =c("SC_072712_71",
    "SC_072912_16"),

  Lampyridae_sp1 =c("CH_081812_5"),

  Carabidae_sp1 =c("SC_072812_72"),

  Buprestidae_sp1 =c("CH_082112_173",
    "CH_082212_68",
    "CH_082012_181",
    "CH_082012_118",
    "CH_082012_70",
    "CH_082012_56",
    "CH_082012_57",
    "CH_082012_71"),

  Buprestidae_sp2 =c("CH_082212_23"),

  Buprestidae_sp3 =c("CH_082012_67",
    "CH_082212_65",
    "CH_082012_129",
    "CH_082012_138"),

  scutelleridae_sp1 =c("SC_072712_188")
  
  misc =c("JC_071512_32", "JC_071212_56","JC_071212_119", "JC_071512_187","JC_071512_196","JC_071712_59", "JC_071712_85","JC_071512_188","JC_071512_128","SC_072012_119",
  "SC_072112_111","SC_072112_110")

)
