Pompolidae <- list(
  pompilidae_sp1 =c
  ("PL_081012_50"),

  pompilidae_sp2 =c
  ("PL_081212_208"),

  pompilidae_sp3 =c
  ("PL_081012_212",
   "PL_080912_160",
   "PL_080912_156"),

  pompilidae_sp4 =c
  ("PL_081212_133",
   "PL_081012_135",
   "PL_081012_150",
   "PL_081012_133",
   "PL_081012_53",
   "PL_081212_136",
   "PL_081312_75",
   "PL_081312_67",
   "PL_081312_66",
   "PL_081312_65"),

  tarantulawasp_sp1 =c
  ("PL_081212_32",
   "CH_082112_95",
   "CH_082012_162",
   "CH_082012_6"),

  tarantulawasp_sp2 =c
  ("PL_081212_30"),

  tarantulawasp_sp3 =c
  ("CH_082112_172",
   "CH_082112_2"),

  tarantulawasp_sp4 =c
  ("CH_082112_1",
   "CH_082012_92",
   "CH_082012_123",
   "PL_081212_29",
   "CH_082112_76"),

  tarantulawasp_sp5 =c(
    "CH_082012_5",
    "PL_081212_31")
  
  tarantulawasp_s6 =c("CH_082112_3")

  tarantulawasp_s7 =c("CH_082012_8")

  tarantulawasp_s8 =c("CH_082012_91")
  
  )
