
redo.bomb <- list(
group1 = c("PL_081012_101",
"PL_081312_122",
"PL_080912_136",
"PL_080912_131",
"PL_081012_16",
"PL_080912_132",
"PL_081012_248",
"PL_080912_133",
"PL_081112_57",
"PL_081112_136",
"PL_081212_20",
"PL_081112_180",
"PL_081112_147",
"PL_081012_252",
"PL_081112_28",
"PL_081012_12",
"PL_081012_15",
"PL_081112_2",
"PL_080912_335",
"PL_080912_250",
"PL_080912_248",
"PL_080912_135",
"PL_081212_21",
"PL_081112_178",
"PL_081212_19",
"PL_081212_14",
"PL_081112_137",
"PL_081112_3",
"PL_081312_21",
"PL_081212_150",
"PL_081212_152",
"PL_081212_151",
"PL_081212_153",
"PL_081312_9",
"PL_081312_168",
"PL_081312_113",
"PL_081312_167",
"PL_081312_166",
"PL_081312_162",
"PL_081312_170",
"PL_081312_163",
"PL_081312_169",
"PL_081312_296",
"PL_081112_155",
"PL_081312_160",

"PL_081212_263",
"PL_080912_134",
"PL_080912_130",
"PL_081012_7",
"PL_081012_85",
"PL_081012_287",
"PL_081112_200",
"PL_081112_7",
"PL_081012_8",
"PL_080912_344",
"JC_071712_152",
"JC_071512_165",
"JC_071412_39",
"JC_071212_97",
"MM_080112_131",
"SC_072012_150",
"SC_072712_204",
"JC_071612_27",
"JC_071512_70",
"JC_071412_17",
"SC_072812_43",
"SC_072012_113",
"MM_080412_99",
"MM_080112_93",
"MM_080112_20",
"MM_080412_134",
"MM_080112_191",
"MM_080212_260",
"MM_080112_139",
"MM_080112_194",
"MM_073112_67",
"MM_073112_70",
"MM_073112_97",
"SC_072712_207")
)