bombus.morpho <- list(

  bombus_sonorus =
  c("CH_082012_136","CH_082112_177","CH_082112_69","CH_082112_174",
  "CH_082112_68","CH_082112_58","CH_082012_115","CH_082012_131",
  "CH_082012_179","CH_082012_59","CH_082012_124","CH_082012_64",
  "CH_082012_60","CH_082012_125","CH_082112_54","CH_082012_49",
  "CH_082012_52","CH_082012_130","CH_082012_62","CH_082112_56",
  "CH_082112_55","CH_082012_113","CH_082012_61","CH_081812_12",
  "CH_081812_1","CH_081812_9","CH_081912_1","CH_082112_65",
  "CH_082212_48","CH_082212_32","CH_082212_34","CH_082212_37",
  "CH_082112_67","CH_082212_69","CH_082212_25","CH_082212_45",
  "CH_082112_61","CH_082212_72","CH_082212_81","CH_082212_70",
  "CH_082112_117","CH_082112_118","CH_082112_119","CH_082112_75",
  "CH_082112_175","CH_082112_111","CH_082112_110","CH_082112_112",
  "CH_082112_109","CH_082112_62","CH_082112_113","CH_082112_157",
  "CH_082112_176","CH_082112_178","CH_082112_63","CH_082112_50",
  "CH_082012_26","CH_082012_2","CH_082012_3","CH_081912_9",
  "CH_081912_3","CH_082012_1","CH_081912_15","CH_081912_10",
  "CH_081912_11","CH_082112_108","CH_082212_71"),

  Bombus_sp2 =c("SC_072612_157", "SC_072312_155"),

  Bombus_sp3 =c ("JC_071512_112", "JC_071412_70", "JC_071612_75",
    "JC_071212_104", "JC_071112_26", "JC_071212_38", "JC_071212_3",
    "JC_071712_48", "JC_071612_111"),

  Bombus_sp4 =c("MM_073112_15", "MM_080412_133", "SC_072312_34",
    "SC_072912_78", "SC_072012_263", "MM_073112_69", "MM_080312_6",
    "MM_073112_71", "MM_080412_22", "SC_072012_264", "SC_072012_130",
    "SC_072812_6", "SC_072012_131", "SC_072612_156", "SC_072012_132",
    "SC_072012_134", "SC_072312_237", "SC_072112_112",
    "SC_072012_318", "SC_072912_64", "SC_072712_100"),

  Bombus_sp5 =c ("SC_072712_123", "SC_072712_40", "SC_072612_114",
    "SC_072912_3", "SC_072912_4", "SC_072812_112"),


  Bombus_huntii =c ("JC_071212_44", "JC_071212_31", "JC_071212_57",
    "JC_071212_69", "JC_071212_36", "JC_071212_2", "JC_071712_109",
    "JC_071712_37", "JC_071712_116", "JC_071712_124", "JC_071712_93",
    "JC_071712_154", "JC_071712_152", "JC_071712_135",
    "JC_071712_136", "JC_071712_153", "JC_071712_150",
    "JC_071712_157", "JC_071712_18", "JC_071712_89", "JC_071712_112",
    "JC_071212_97", "JC_071212_81", "JC_071212_83", "JC_071212_13",
    "JC_071212_98", "JC_071212_67", "JC_071112_5", "JC_071112_12",
    "JC_071112_15", "JC_071112_8", "JC_071112_17", "JC_071112_20",
    "JC_071212_20", "JC_071212_40", "JC_071212_43", "JC_071212_17",
    "JC_071212_16", "JC_071212_65", "JC_071212_39", "JC_071212_37",
    "JC_071212_7", "JC_071212_6", "JC_071212_105", "JC_071212_1",
    "JC_071212_17", "JC_071412_15", "JC_071412_126", "JC_071512_66",
    "JC_071412_39", "JC_071412_50", "JC_071412_60", "JC_071512_73",
    "JC_071512_118", "JC_071412_145", "JC_071512_66", "JC_071612_123",
    "JC_071512_70", "JC_071512_71", "JC_071512_52", "JC_071512_50",
    "JC_071512_53", "JC_071512_55", "JC_071512_54", "JC_071512_51",
    "JC_071412_90", "JC_071412_36", "MM_080412_108", "MM_080412_142",
    "MM_080412_205", "MM_080412_136", "MM_080412_209",
    "MM_080412_123", "MM_080212_120", "MM_080412_58", "MM_073112_106",
    "MM_080212_237", "MM_080112_17", "MM_080412_215", "MM_080412_214",
    "MM_080112_2", "MM_080412_138", "MM_080112_130", "MM_080412_141",
    "MM_073112_24", "MM_080212_12", "MM_073112_56", "MM_073112_18",
    "MM_080112_23", "MM_080112_141", "MM_073112_62", "MM_080112_143",
    "MM_080212_25", "MM_080112_56", "MM_080112_95", "MM_080112_34",
    "MM_073112_68", "MM_080212_9", "MM_080212_3", "MM_080112_127",
    "MM_080212_23", "MM_080212_117", "MM_080312_1", "MM_080312_27",
    "MM_080412_135", "MM_080412_107", "MM_080212_116",
    "MM_080412_134", "MM_073112_12", "MM_080412_168", "MM_080112_139",
    "MM_080112_20", "MM_080212_146", "MM_080312_206", "MM_080212_14",
    "MM_073112_58", "MM_073112_59", "MM_073112_65", "MM_073112_63",
    "MM_080212_128", "MM_073112_113", "MM_080212_13", "SC_072912_82",
    "MM_080412_62", "MM_080212_232", "MM_080212_238", "MM_080112_132",
    "MM_080312_16", "MM_080312_10", "MM_080212_82", "MM_080212_22",
    "SC_072912_80", "MM_080212_21", "MM_080212_231", "MM_080212_218",
    "MM_080212_143", "SC_072912_69", "MM_080212_107", "MM_080212_182",
    "MM_073112_112", "MM_080312_129", "MM_080312_32", "MM_080212_92",
    "MM_080312_13", "MM_080112_138", "MM_080112_31", "MM_080312_12",
    "SC_072912_70", "MM_080312_14", "MM_080412_99", "MM_080312_143",
    "MM_073112_114", "MM_080312_151", "MM_080312_144",
    "MM_080312_122", "MM_080312_132", "MM_080312_146", "MM_080412_23",
    "MM_080412_21", "MM_080412_28", "MM_080312_205", "MM_080312_145",
    "MM_080312_204", "MM_080412_27", "MM_080412_25", "MM_080412_29",
    "MM_080112_15", "MM_073112_57", "MM_073112_3", "MM_073112_8",
    "MM_080412_26", "MM_080412_24", "PL_081012_101", "JC_071712_174",
    "SC_072912_79", "JC_071712_127", "SC_072912_81", "PL_081312_122",
    "JC_071712_173", "JC_071712_172", "JC_071712_168", "JC_071212_24",
    "JC_071612_71", "JC_071712_121", "JC_071612_28", "JC_071612_48",
    "JC_071612_27", "JC_071412_37", "JC_071412_35", "JC_071412_31",
    "JC_071412_30", "JC_071612_79", "JC_071412_32", "JC_071612_78",
    "JC_071612_97", "JC_071612_96", "JC_071612_95", "JC_071612_94",
    "JC_071512_124", "JC_071712_166", "JC_071712_165",
    "JC_071512_158", "JC_071512_114", "JC_071512_110",
    "JC_071512_120", "JC_071512_142", "JC_071412_118",
    "JC_071512_165", "JC_071612_61", "JC_071412_123", "JC_071112_4",
    "JC_071612_73", "JC_071212_84", "MM_073112_19", "JC_071212_123",
    "JC_071212_77", "JC_071212_53", "MM_080412_95", "MM_073112_121",
    "MM_080412_218", "MM_080412_235", "MM_073112_66", "MM_080312_8",
    "MM_080412_98", "MM_080412_234", "MM_080412_132", "MM_080312_128",
    "PL_080912_136", "PL_080912_131", "PL_081012_16", "PL_080912_132",
    "PL_081012_248", "PL_080912_133", "PL_081112_57", "PL_081112_136",
    "PL_081212_20", "PL_081112_180", "PL_081112_147", "PL_081012_252",
    "PL_081112_28", "PL_081012_12", "MM_080212_77", "PL_081012_15",
    "PL_081112_2", "PL_080912_335", "PL_080912_250", "PL_080912_248",
    "PL_080912_135", "PL_081212_21", "MM_073112_64", "PL_081112_178",
    "PL_081212_19", "PL_081212_14", "PL_081112_137", "PL_081112_3",
    "PL_081312_21", "PL_081212_150", "PL_081212_152", "PL_081212_151",
    "PL_081212_153", "PL_081312_9", "PL_081312_168", "PL_081212_113",
    "PL_081312_167", "PL_081212_166", "PL_081312_162",
    "PL_081312_170", "PL_081312_163", "PL_081312_169",
    "PL_081312_296", "PL_081112_155", "MM_080312_70", "PL_081312_160",
    "PL_081212_263", "MM_080412_206", "MM_080312_31", "MM_080212_299",
    "MM_080312_154", "MM_080112_226", "MM_080312_72", "MM_080212_78",
    "MM_080212_91", "SC_072812_200", "MM_080412_97", "MM_080212_172",
    "MM_080212_190", "SC_072012_103", "SC_072012_102",
    "SC_072012_101", "SC_072312_8", "SC_072012_116", "SC_072012_115",
    "SC_072012_126", "SC_072312_10", "SC_072312_9", "SC_072012_211",
    "SC_072112_22", "SC_072012_276", "SC_072012_213", "SC_072012_205",
    "SC_072012_243", "SC_072112_39", "SC_072112_41", "SC_072112_40",
    "SC_072012_317", "SC_072012_309", "SC_072012_113",
    "SC_072712_217", "SC_072712_213", "SC_072812_77", "SC_072112_143",
    "SC_072112_146", "SC_072112_145", "SC_072112_144",
    "SC_072112_119", "SC_072312_248", "SC_072112_150",
    "SC_072312_154", "SC_072612_199", "SC_072812_122",
    "SC_072112_144", "SC_072112_119", "SC_072312_248",
    "SC_072012_150", "SC_072312_154", "SC_072612_199",
    "SC_072812_122", "SC_072812_119", "SC_072012_226",
    "SC_072812_123", "MM_080412_137", "SC_072312_279",
    "SC_072612_180", "SC_072312_35", "SC_072612_155", "SC_072112_121",
    "SC_072612_184", "SC_072112_52", "SC_072712_207", "SC_072812_124",
    "SC_072612_113", "SC_072112_120", "SC_072312_283",
    "SC_072612_104", "SC_072112_150", "SC_072812_134", "SC_072012_195",
