easy.bees <- list(
Xylocopa_sp1 =c ("CH_082012_138",
    "CH_082112_84",
    "CH_082112_93",
    "PL_081112_139",
    "PL_081112_4",
    "PL_080912_162",
    "PL_080912_302",
    "PL_081312_107",
    "PL_081312_173",
    "PL_081312_172",
    "PL_081212_6",
    "PL_081312_108",
    "PL_081212_267"),
 
   
  agapostemen_sp1_m =c("SC_072812_47",
  "SC_072112_36",
  "SC_072312_225",
  "SC_072712_116",
  "SC_072312_64",
  "JC_071212_49",
  "JC_071212_74",
  "JC_071412_61",
  "SC_072012_239",
  "SC_072612_281",
  "SC_072712_96",
  "JC_071412_122",
  "SC_072312_243",
  "SC_072112_38",
  "SC_072612_78",
  "SC_072712_27",
  "JC_071712_108",
  "JC_071712_74",
  "JC_071712_65",
  "JC_071512_144",
  "SC_072612_32",
  "SC_072312_245",
  "SC_072012_180",
  "SC_072012_210",
  "SC_072612_62",
  "SC_072012_235",
  "SC_072612_51",
  "JC_071112_9",
  "JC_071112_1",
  "JC_071412_153",
  "MM_080312_28",
  "JC_071612_103",
  "MM_080312_29",
  "JC_071612_66",
  "JC_071412_47",
  "SC_072812_129",
  "SC_072812_162"),

  agapostemen_sp1_f = c("SC_072712_198",
  "SC_072812_56",
  "SC_072812_58",
  "SC_072812_54",
  "SC_072312_63",
  "SC_072312_230",
  "SC_072312_241",
  "SC_072712_57",
  "SC_072612_59",
  "SC_072312_249",
  "SC_072812_84",
  "SC_072812_76",
  "SC_072112_123",
  "SC_072312_39",
  "SC_072312_7",
  "SC_072712_37",
  "SC_072612_201",
  "SC_072112_142",
  "SC_072712_139",
  "SC_072712_54",
  "SC_072712_56",
  "SC_072012_291",
  "SC_072712_64",
  "SC_072712_138",
  "SC_072012_232",
  "SC_072012_248",
  "SC_072012_282",
  "SC_072012_255",
  "SC_072712_22",
  "SC_072012_238",
  "SC_072012_230",
  "SC_072612_60",
  "SC_072612_99",
  "SC_072012_237",
  "SC_072312_300",
  "SC_072612_13",
  "SC_072012_123",
  "SC_072712_115",
  "SC_072112_157",
  "SC_072012_105",
  "SC_072012_153",
  "SC_072012_187",
  "SC_072312_299",
  "SC_072012_209",
  "JC_071612_113",
  "JC_071212_38",
  "JC_071612_82",
  "JC_071712_107",
  "JC_071612_69",
  "JC_071212_64",
  "JC_071212_72",
  "JC_071112_21",
  "SC_072712_60",
  "SC_072712_256",
  "SC_072712_257",
  "SC_072712_259",
  "SC_072812_176",
  "PL_081112_221",
  "PL_081212_55",
  "PL_081312_161",
  "CH_082012_116"), 
  
      centris_sp1 = c("PL_081312_17",
    "PL_081212_198",
    "PL_081212_268",
    "PL_081312_16",
    "CH_082012_114",
    "CH_082112_114",
    "PL_081212_139",
    "PL_081212_44",
    "PL_081312_20",
    "PL_081312_14",
    "PL_081312_148",
    "PL_081212_1",
    "PL_081212_8",
    "PL_081212_138",
    "PL_081212_40",
    "PL_081212_43",
    "PL_081112_42",
    "PL_081112_43",
    "PL_081112_183",
    "PL_081112_182",
    "PL_081112_181",
    "PL_081112_201",
    "PL_081112_95",
    "PL_081012_93",
    "PL_081012_91",
    "PL_081012_233",
    "PL_081012_89",
    "PL_081112_45",
    "CH_082012_137",
    "SC_072912_62",
    "MM_080212_236",
    "PL_081212_2",
    "PL_081012_87",
    "SC_072812_7",
    "SC_072812_109",
    "SC_072712_68",
    "SC_072812_115",
    "SC_072312_14",
    "SC_072812_110",
    "SC_072712_39",
    "SC_072712_119",
    "SC_072012_133",
    "SC_072012_203",
    "SC_072812_128",
    "SC_072812_127",
    "SC_072712_109",
    "SC_072812_1"),
    
      Anthaphora_sp2 =
 c("SC_072612_61",
 "SC_072812_116",
 "SC_072612_158",
 "SC_072712_118",
 "SC_072712_121",
 "SC_072712_122",
 "SC_072712_101",
 "SC_072812_111",
 "SC_072812_113",
 "SC_072112_265",
 "SC_072312_13",
 "SC_072812_5",
 "SC_072712_108",
 "SC_072712_106",
 "SC_072712_104",
 "SC_072712_103",
 "SC_072712_102",
 "SC_072812_114",
 "SC_072712_110",
 "SC_072712_67",
 "SC_072712_66",
 "SC_072612_115",
 "SC072812_4",
 "SC_072912_19",
 "SC_072912_118",
 "JC_071712_138",
 "JC_0714120_62",
 "JC_071412_63",
 "JC_071412_16",
 "JC_071712_25",
 "CH_082112_74",
 "MM_080412_75",
 "MM_080412_77",
 "MM_080412_76",
 "MM_073112_47",
 "MM_080412_119",
 "MM_080412_2",
 "SC_072812_159",
 "CH_082212_36",
 "MM_080312_131",
 "MM_080412_5",
 "MM_080112_142",
 "SC_072912_63",
 "CH_082112_116",
 "PL_081312_146",
 "SC_072112_47",
 "SC_072012_202",
 "SC_072712_107"),

  Anthaphora_sp1 =
  c("MM_080112_3",
  "MM_080412_1",
  "MM_080312_96",
  "MM_080412_6",
  "MM_080412_3",
  "MM_080112_136",
  "MM_080312_123",
  "MM_080112_13",
  "MM_080212_121",
  "MM_080212_99",
  "MM_080412_140",
  "MM_080412_92",
  "MM_080412_176",
  "MM_080412_106",
  "MM_080412_110",
  "MM_080312_126",
  "MM_073112_16",
  "MM_080312_9",
  "MM_080312_15"),
  
    Anthophora_terminalis=c("PL_081312_15",
    "PL_081012_257",
    "PL_081012_258",
    "PL_080412_41",
    "PL_081112_94",
    "PL_081012_259",
    "PL_081012_90",
    "PL_080912_283",
    "PL_081112_227",
    "PL_081112_179",
    "PL_081012_245",
    "PL_081012_86",
    "PL_080912_28",
    "PL_080912_284",
    "PL_081312_391",
    "PL_081012_260",
    "PL_080912_288",
    "PL_080912_285",
    "PL_080912_106",
    "PL_080912_105",
    "PL_080912_286",
    "PL_080912_104",
    "PL_080912_107",
    "PL_081112_40",
    "PL_081312_149",
    "PL_081112_229",
    "JC_071712_64",
    "PL_081012_88")
  
)