Misc_flies <- list(
Flies =c("SC_072812_83",
"SC_072812_68",
"SC_072312_149",
"SC_072712_36",
"SC_072712_252",
"SC_072912_115",
"SC_072112_108",
"SC_072112_107",
"SC_072812_203",
"SC_072812_16",
"SC_072312_275",
"SC_072812_39",
"SC_072312_284",
"SC_072712_126",
"SC_072812_95",
"SC_072612_131",
"CH_081812_17",
"SC_072712_173",
"SC_072812_219",
"CH_081812_6",
"SC_072712_77",
"SC_072712_185",
"SC_072612_16",
"SC_072812_138",
"SC_072712_254",
"SC_072612_20",
"SC_072012_144",
"PL_081112_347",
"SC_072612_8",
"SC_072312_76",
"SC_072812_144",
"SC_072012_315",
"SC_072912_41",
"SC_072812_148",
"SC_072812_142",
"SC_072312_105"),

unknownsp_7 =c("SC_072012_147"),

unknownfly_sp3 =c("SC_072012_278"),

unknownfly_sp4 =c("SC_072112_2"),

unknownfly_sp1 =c("SC_072812_105",
"SC_072812_102",
"SC_072812_101",
"SC_072912_47",
"SC_072812_100",
"SC_072812_99",
"SC_072812_98",
"SC_072812_97",
"SC_072812_96"),

unknownwasp_sp1 =c("SC_072312_254",
"SC_072112_109"),

sphecodes_sp1 =c("SC_072912_34",
"SC_072912_92",
"SC_072912_49",
"SC_072912_54",
"SC_072912_53",
"SC_072912_51",
"SC_072912_35",
"SC_072812_158",
"SC_072812_152"),

sphecodes_sp2 =c("SC_072912_39",
"SC_072812_154"),

lassioglossumlassioglossum_sp4 =c("SC_072812_146",
"SC_072812_218"),

fanniidae_sp1 =c("SC_072912_85"),

hyleaus =c("SC_072812_207",
"SC_072812_210"),

andrena_sp1 =c("SC_072812_185",
"SC_072812_189",
"SC_072812_174",
"SC_072912_11",
"SC_072812_194",
"SC_072912_117",
"SC_072812_168"),

lasioglossumunknown_sp1 =c("SC_072912_77"),

lasioglossumunknown_sp2 =c("SC_072912_83",
"SC_072812_205",
"SC_072812_206",
"SC_072912_91"),

andrena_sp2male =c("SC_072912_67",
"SC_072912_12",
"SC_072812_191",
"SC_072812_192",
"SC_072812_169",
"SC_072812_167",
"SC_072812_195",
"SC_072812_172"),

lassiolgossumsisymbrii= c("SC_072912_94",
"SC_072912_23",
"SC_072912_30",
"SC_072912_33",
"SC_072912_22",
"SC_072912_56",
"SC_072912_28",
"SC_072812_147",
"SC_072912_31",
"SC_072812_145",
"SC_072912_36",
"SC_072912_38",
"SC_072912_37",
"SC_072912_46",
"SC_072912_58",
"SC_072912_57",
"SC_072812_150",
"SC_072912_59",
"SC_072912_42"),

lassioglossumlassioglossum_sp2 =c("SC_072812_131",
"SC_072912_40")

)