Conopiidae_sp1 <- c(CH_081812_19) 

Calliphorid_sp1 <- (SC_072112_13,
SC_072612_64,
SC_072012_145,
SC_0723312_25,
SC_072912_25,
SC_072912_73,
SC_072712_73,
SC_072712_222,
SC_072312_135,
SC_072012_189,
SC_072812_61,
SC_072012_143
)

Calliphorid_sp2 <- (CH_082012_122)

Calliphorid_sp3 <-(MM_080212_309,
SC_072912_72,
SC_072612_112,
SC_072712_6,
SC_072312_281,
MM_080312_182,
SC_072712_79,
SC_072712_90,
JC_071412_7,
MM_080212_122,
MM_073112_81)


