
redo.vespid <- list(

vespid.sp1 =c("SC_072812_135",
"SC_072712_132",
"SC_072712_44",
"SC_072012_96",
"SC_072812_151",

)
)