redo.labels <- list(

syrphids= c(
 "CH_082212_61",
 "PL_081112_186",
 "PL_081012_130",
  "SC_072012_152", 
  "JC_071412_114", 
  "MM_080412_153",
  "CH_082012_102",
  "JC_071612_148",
  "CH_082112_16",
  "CH_082112_97",
  "MM_080112_229"
  "MM_080212_30",
  "MM_073112_119",
  "SC_072612_212",
  "MM_080412_162",
  "SC_072612_182"
  )