sphecidae_sp1 <- c(SC_072012_306,SC_072712_17,SC_072012_110,MM_080412_245,SC_072712_143,SC_072012_112,SC_072812_53,SC_072712_30,SC_072612_175,SC_072012_178,SC_072312_157,SC_07012_104,SC_072712_145,SC_072012_307,SC_072312_144,SC_072612_55,SC_072612_63,SC_072812_60,SC_072712_28,SC_072012_66,SC_072612_176,SC_07612_203,SC_072712_158,SC_072712_160,SC_072712_161,SC_072712_72,SC_072012_109,SC_072612_173,SC_072712_258,SC_072712_91,SC_072712_218,SC_072112_124,SC_072712_7,SC_072612_242,SC_072112_130,SC_072612_177,SC_072312_166,SC_072012_44,SC_072012_304,SC_072712_69,SC_072712_20,SC_072812_20,SC_072612_223,PC_081312_59,PC_081112_60,PC_081112_220,PL_08112_153,PL_081212_266,CH_082012_121,PL_081312_191,PL_081212_60,PL_081212_39,PL_081312_67,PL_081312_189,MM_080212_188,MM_180212_187,MM_081212_288,MM_080312_38,PL_081012_102,PL_081012_232,MM_080212_49,MM_080212_108,MM_080212_152,MM_080212_151,MM_089212_291,MM_080212_176,MM_080212_193,MM_080212_137,MM_080212_205,MM_080212_171,MM_08212_223,MM_080212_192,MM_080212_254,MM_073112_101,MM_073112_106,MM_073112_99,MM_080212_135,MM_080212_206,MM_080212_204,MM_080212_138,MM_073112_38,MM_080212_139,MM_080212_199,MM_080212_200,MM_080212_136,SC_072912_108,SC_072912_18,SC_072912_27,SC_072912_65,SC_072912_106,SC_072912_9,SC_072912_5,SC_072812_213,SC_072812_166,SC_072912_26,SC_072812_187,SC_072012_188,SC_072812_121,SC_072812_120,SC_072812190,SC_072812_188,SC_072912_104,SC_072812_170,SC_072912_109,SC_072912_107,SC_072912_111,SC_072912_110,SC_072612_179,SC_072612_185,SC_072612_42,SC_072912_103,SC_072912_68,SC_072912_112,MM_080412_100,MM_080112_124,MM_080112_123,SC_072612_194,SC_072712_260,SC_072012_303,SC_072012_75,MM_080112_159,SC_072012_222,SC_072012_72,MM_080412_74,MM_080412_122,SC_072012_67,MM_080412_174,SC_07012_240,SC_072012_70,SC_072012_111,SC_0720112_56,SC_072012_65,SC_072012_302,SC_072012_85,SC_072012_86,SC_072012_68,SC_072012_69,SC_072012_120,SC_072012_214,SC_072012_84,SC_072012_45,SC_072812_75,SC_072912_219,SC_072012_127,SC_072012_179,SC_072012_174,SC_072012_74,SC_072312_146,SC_072112_140,SC_072012_299,SC_072012_298,SC_072012_241,SC_072712_157,SC_072312_159,SC_072312_226,SC_072012_301,SC_072012_305,SC_072012_308,SC_072612_84,SC_072312_145,SC_072712_186,SC_072312_147,SC_072012_71)


  scolia_sp1 = c("CH_082012_19","CH_082012_74","CH_082012_21","CH_082012_18","CH_082012_66","CH_082012_78","CH_082112_103","CH_082012_155","CH_082012_97","CH_082012_20","CH_182212_18","CH_082112_94","CH_082012_81","CH_082012_79","CH_082012_153","CH_082112_78","CH_082012_93","CH_082012_95","CH_082012_80","CH_082212_20","CH_082112_77","CH_082112_19","CH_082112_18","CH_082112_102","CH_082112_96","CH_082112_167","PL_081312_7","PL_081312_55","PL_081312_56","PL_081212_63","PL_081312_192","PL_081212_140","PL_081212_58","PL_081312_127","PL_081312_96","PL_081212_38","CH_081212_15"),

