##vespidae_extras
morpho.list2 <- list(
	
	vespidae_sp11 =c("SC_072812_157",
		"SC_072012_96",
		"SC_072712_132",
		"SC_072812_135",
		"SC_072712_44",
		"MM_080312_197",
		"MM_080212_161",
		"SC_072712_196",
		"MM_080112_225",
		"MM_080212_163",
		"MM_080312_198",
		"MM_080212_195",
		"SC_072612_122",
		"SC_072012_76",
		"SC_072312_258",
		"MM_080312_81",
		"SC_072712_172",
		"SC_072712_186",
		"SC_072312_290",
		"SC_072312_259",
		"SC_072612_129",
		"SC_072612_121",
		"SC_072112_60",
		"SC_072812_14",
		"SC_072312_297",
		"SC_072612_120",
		"SC_072712_201",
		"SC_072312_4",
		"SC_072712_193",
		"SC_072312_5",
		"SC_072312_289",
		"MM_073112_48",
		"MM_080212_196",
		"SC_072712_195",
		"MM_080212_275",
		"SC_072712_197",
		"MM_080212_209",
		"SC_072712_128",
		"MM_080212_101",
		"SC_072112_104",
		"SC_072612_106",
		"SC_072612_121",
		"SC_072112_66",
		"SC_072712_202",
		"MM_080312_80",
		"MM_080112_192",
		"MM_073112_111",
		"SC_072712_200",
		"SC_072812_89",
		"MM_080312_113",
		"MM_080412_216",
		"CH_082112_169",
		"SC_072812_8",
		"SC_072612_168",
		"SC_072612_165",
		"SC_072712_240",
		"SC_072112_62",
		"SC_072112_58",
		"SC_072712_131",
		"SC_072712_52",
		"SC_072112_61",
		"SC_072112_64",
		"SC_072812_81",
		"SC_072612_167",
		"SC_072812_86",
		"SC_072712_125",
		"SC_072012_77",
		"MM_080312_150",
		"MM_080412_60",
		"MM_080112_128",
		"SC_072012_78",
		"CH_082112_52",
		"MM_080312_199",
		"CH_082012_83",
		"SC_072312_288",
		"SC_072612_107",
		"SC_072712_149",
		"SC_072312_296",
		"SC_072112_48",
		"SC_072612_169",
		"PL_080912_112",
		"SC_072612_159",
		"SC_072012_43",
		"SC_072612_119",
		"SC_072612_2",
		"SC_072312_255",
		"SC_072312_256",
		"SC_072912_90",
		"SC_072712_133",
		"SC_072312_191",
		"SC_072612_24",
		"SC_072612_12",
		"SC_072312_189",
		"SC_072112_138",
		"SC_072312_167",
		"SC_072112_139",
		"SC_072012_181",
		"SC_072712_244",
		"SC_072712_135",
		"SC_072112_101",
		"SC_072612_207",
		"SC_072312_172",
		"SC_072112_102",
		"SC_072112_63",
		"SC_072312_262",
		"SC_072312_257",
		"SC_072312_291",
		"SC_072612_268",
		"SC_072612_170",
		"SC_072312_265",
		"SC_072612_162",
		"SC_072612_23",
		"SC_072312_269",
		"SC_072312_266",
		"SC_072612_22",
		"SC_072312_264",
		"SC_072312_19",
		"SC_072112_51",
		"SC_072112_103",
		"SC_072312_69",
		"SC_072112_50",
		"SC_072112_105",
		"SC_072112_49",
		"SC_072312_168",
		"SC_072012_79",
		"SC_072312_6",
		"SC_072312_277",
		"SC_072312_227",
		"SC_072012_185",
		"SC_072612_132",
		"SC_072312_293",
		"SC_072612_1",
		"SC_072312_193",
		"SC_072312_261",
		"SC_072112_106",
		"SC_072612_109",
		"SC_072012_285",
		"SC_072312_68",
		"SC_072112_122",
		"SC_072012_284",
		"SC_072312_280",
		"SC_072612_117",
		"SC_072612_118",
		"SC_072312_190",
		"SC_072012_184",
		"SC_072312_260",
		"SC_072812_70",
		"SC_072612_163",
		"SC_072312_267",
		"SC_072612_116",
		"SC_072312_286",
		"SC_072712_245",
		"SC_072012_80",
		"SC_072112_59",
		"SC_072612_110",
		"SC_072312_263",
		"SC_072812_9",
		"SC_072712_129")
	)
	