
sp.ids <- list(


    Diadasia_diminuta_f = list(Genus="Diadasia",
                               SubGenus="Coquillettapis",
                               Species="diminuta",
                               SubSpecies="", Sex="f",
                               Author = "Cresson",
                               Determiner="L.C. Ponisio",
                               temp.id= c("18080", "17839")),


    Anthophora_montana_f = list(Genus="Anthophora",
                                SubGenus="Mystacanthophora",
                                Species="montana",
                                SubSpecies="",
                                Sex="f",
                                Author = "Cresson",
                                Determiner="L.C. Ponisio",
                                temp.id= c("18599", "18237", "18101",
                                           "18102", "20565", "20519",
                                           "20516", "20518", "20610",
                                           "20692", "20559", "20564",
                                           "20780", "20776", "20777",
                                           "20701", "20700", "20783",
                                           "20766", "20772", "20778",
                                           "20789",
                                           "19062", "19796", "19794",
                                           "19815", "19790", "19838",
                                           "19806", "19597", "22203",
                                           "22216", "22134", "22197",
                                           "22152", "22149", "25018",
                                           "25150", "25157", "22135")),

    Anthophora_montana_m = list(Genus="Anthophora",
                                SubGenus="Mystacanthophora",
                                Species="montana", SubSpecies="",
                                Sex="m", Author = "Cresson",
                                Determiner="L.C. Ponisio",
                                temp.id= c("18607", "20774", "20696",
                                           "20695", "20703", "20699",
                                           "20786", "20784", "20782",
                                           "20775", "20790", "19755",
                                           "19789", "19795", "19792",
                                           "19801", "19745", "19804",
                                           "19805", "22118", "19917",
                                           "22119", "22120", "22133",
                                           "22138", "22157", "22202",
                                           "19619", "19598", "19137")),


    Anthophora_terminalis_f = list(Genus="Anthophora",
                                   SubGenus="Clisodon",
                                   Species="terminalis",
                                   SubSpecies="", Sex="f",
                                   Author = "Cresson",
                                   Determiner="L.C. Ponisio",
                                   temp.id= c("20438")),

    Anthophora_terminalis_f = list(Genus="Anthophora",
                                   SubGenus="Clisodon",
                                   Species="terminalis",
                                   SubSpecies="", Sex="f",
                                   Author = "Cresson",
                                   Determiner="J.L. Neff",
                                   temp.id= c("30624")),

    Apis_mellifera_f = list(Genus="Apis", SubGenus = "Apis",
                            Species="mellifera",
                            SubSpecies="", Sex="f",
                            Author = "Linnaeus",
                            Determiner="L.C. Ponisio",
                            temp.id= c("18010", "18202", "18024",
                                       "18023", "20410", "20411",
                                       "20413","20414", "20415",
                                       "20416","20418","20419",
                                       "20420","20421", "20440",
                                       "20441", "20444", "20443", "20442",
                                       "20445", "20471", "20472", "20473",
                                       "20474", "20477", "20476", "20475",
                                       "20478", "20479", "20480", "20481",
                                       "20483", "20484", "20482", "20447",
                                       "20448", "20446", "20469", "20470",
                                       "20491", "20492", "20495", "20496",
                                       "20497", "20498", "20499", "20500",
                                       "20501", "20538", "20539", "20540",
                                       "20547", "20541", "20542", "20543",
                                       "20544", "20545", "20546", "20548",
                                       "20549", "20550", "20551", "20552",
                                       "20553", "20554", "20555", "20556",
                                       "20557", "20558", "20566", "20567",
                                       "20568", "20569", "20570", "20571",
                                       "20572", "20573", "20577", "20578",
                                       "20579", "20580", "20582", "20583",
                                       "20584", "20585", "20586", "20587",
                                       "20588", "20589", "20590", "20591",
                                       "20592", "20593", "20600", "20601",
                                       "20602", "20603", "20604", "20605",
                                       "20606", "20607", "20608", "20609",
                                       "20611", "20613", "20614",
                                       "20615", "20616", "20622", "20623",
                                       "20624", "20625", "20626", "20627",
                                       "20628", "20629", "20630", "20631",
                                       "20632", "20633", "20634", "20635",
                                       "20636", "20637", "20638", "20639",
                                       "20640", "20641", "20642", "20643",
                                       "20644", "20645", "20666", "20667",
                                       "20658", "20659", "20660", "20661",
                                       "20673", "20674", "20675", "20662",
                                       "20663", "20664", "20665", "20676",
                                       "20677", "20678", "20679", "20680",
                                       "20681", "20682", "20687", "20688",
                                       "20668", "19136", "19138",
                                       "19872",
                                       "30163", "21773", "24018"
                                       )),


    Anthophora_urbana_f = list(Genus="Anthophora",
                               SubGenus="Mystacanthophora",
                               Species="urbana",
                               SubSpecies="",
                               Sex="f",
                               Author = "Cresson",
                               Determiner="L. Ponisio",
                               temp.id= c("20781", "20788")),

    Anthophora_urbana_m = list(Genus="Anthophora",
                               SubGenus="Mystacanthophora",
                               Species="urbana",
                               SubSpecies="",
                               Sex="m",
                               Author = "Cresson",
                               Determiner="L. Ponisio",
                               temp.id= c("20787", "20779", "20785",
                                          "20791")),