
sp.ids <- list(

    Pseudopanurgus_atricornis_f= list(Genus="Pseudopanurgus",
                                      SubGenus ="",
                                      Species="atricornis",
                                      SubSpecies="",
                                      Sex="f", Author = "Cresson",
                                      Determiner="D. Yanega",
                                      temp.id= c("18719", "17996",
                                                 "17863", "17805",
                                                 "18026", "18054",
                                                 "18158", "18017",
                                                 "18166", "18147",
                                                 "18106", "18257",
                                                 "18333", "17810",
                                                 "18492", "18583",
                                                 "17934", "18142",
                                                 "18134", "18120",
                                                 "18088", "18139",
                                                 "17966", "17968",
                                                 "18091", "18352",
                                                 "18145", "18146",
                                                 "17867", "18137",
                                                 "18138", "18122",
                                                 "18136", "18673",
                                                 "18301", "17868",
                                                 "18665", "18608",
                                                 "17875", "17862")),


    Pseudopanurgus_atricornis_m= list(Genus="Pseudopanurgus",
                                      SubGenus ="",
                                      Species="atricornis",
                                      SubSpecies="",
                                      Sex="m", Author = "Cresson",
                                      Determiner="D. Yanega",
                                      temp.id= c("18507", "18478",
                                                 "18437", "18289",
                                                 "18510", "18452",
                                                 "18144", "18135",
                                                 "18078", "17964",
                                                 "18129", "18474",
                                                 "18332", "17952",
                                                 "18286", "18575",
                                                 "18468", "18423",
                                                 "17965", "18482",
                                                 "17866", "18424",
                                                 "17864", "17869",
                                                 "18060", "18354",
                                                 "18329", "18079",
                                                 "18663", "17871",
                                                 "18067", "18330",
                                                 "17860", "18456",
                                                 "18130", "18170",
                                                 "17883", "18058",
                                                 "18068", "17967",
                                                 "18149", "18133",
                                                 "18331", "18141",
                                                 "18105", "18508",
                                                 "17874", "18450",
                                                 "18457", "18496",
                                                 "18529", "18081",
                                                 "17951", "18123",
                                                 "18522", "18461",
                                                 "18428")),


    Pseudopanurgus_sp_a_f= list(Genus="Pseudopanurgus",
                                SubGenus ="",
                                Species="sp.",
                                SubSpecies="a",
                                Sex="f",
                                Author = "",
                                Determiner="D. Yanega",
                                temp.id= c("18458", "18433", "17800",
                                           "17832")),

    Pseudopanurgus_sp_a_m= list(Genus="Pseudopanurgus",
                                SubGenus ="",
                                Species="sp.",
                                SubSpecies="a",
                                Sex="m",
                                Author = "",
                                Determiner="D. Yanega",
                                temp.id= c("18002", "1897", "18209")),

    Pseudopanurgus_sp_b_f= list(Genus="Pseudopanurgus",
                                SubGenus ="",
                                Species="sp.",
                                SubSpecies="b",
                                Sex="f",
                                Author = "",
                                Determiner="D. Yanega",
                                temp.id= c("17780", "17789", "17781",
                                           "17776", "17775", "18738",
                                           "17791", "17790", "17793",
                                           "18616", "18728", "18733")),

    Pseudopanurgus_sp_b_m= list(Genus="Pseudopanurgus",
                                SubGenus ="",
                                Species="sp.",
                                SubSpecies="b",
                                Sex="m",
                                Author = "",
                                Determiner="D. Yanega",
                                temp.id= c("18615", "18732", "17783",
                                           "18729", "17792")),


    Pseudopanurgus_sp_c_f= list(Genus="Pseudopanurgus",
                                SubGenus ="",
                                Species="sp.",
                                SubSpecies="c",
                                Sex="f",
                                Author = "",
                                Determiner="D. Yanega",
                                temp.id= c("18353", "18679", "18574",
                                           "18340")),

    Pseudopanurgus_sp_d_f= list(Genus="Pseudopanurgus",
                                SubGenus ="",
                                Species="sp.",
                                SubSpecies="c",
                                Sex="f",
                                Author = "",
                                Determiner="D. Yanega",
                                temp.id= c("18167")),

    Pseudopanurgus_sp_e_f= list(Genus="Pseudopanurgus",
                                SubGenus ="",
                                Species="sp.",
                                SubSpecies="c",
                                Sex="f",
                                Author = "",
                                Determiner="D. Yanega",
                                temp.id= c("18678")),


    Diadasia_diminuta_f = list(Genus="Diadasia",
                               SubGenus="Coquillettapis",
                               Species="diminuta",
                               SubSpecies="", Sex="f",
                               Author = "Cresson",
                               Determiner="L.C. Ponisio",
                               temp.id= c("18080", "17839")),