
sp.ids <- list(

    Agapostemen_angelicus_f = list(Genus="Agapostemon",
                                   SubGenus ="Agapostemon",
                                   Species="angelicus", SubSpecies="",
                                   Sex="f", Author = "Cockerell",
                                   Determiner = "L.C. Ponisio",
                                   temp.id=
                                   c("18697","17928","17835","17828","17820",
                                   "17841", "18151", "18163", "18164",
                                   "18165", "18148", "17974", "17926",
                                   "17930", "18085")),

    Agapostemen_angelicus_m = list(Genus="Agapostemon",
                                   SubGenus ="Agapostemon",
                                   Species="angelicus",
                                   SubSpecies="",
                                   Sex="m", Author = "Cockerell",
                                   Determiner = "L.C. Ponisio",
                                   temp.id= c("17959", "18125",
                                   "18128", "17963", "17950", "17941",
                                   "17797", "18243", "17713"))

)
