
sp.ids <- list(
    Agapostemen_angelicus_f =
        list(Genus="Agapostemon",
                                   SubGenus ="Agapostemon",
                                   Species="angelicus", SubSpecies="",
                                   Sex="f", Author = "Cockerell",
                                   Determiner = "L.C. Ponisio",
                                   temp.id=
                                       c("18697","17928","17835",
                                         "17828","17820", "17841",
                                         "18151", "18163", "18164",
                                         "18165", "18148", "17974",
                                         "17926", "17930", "18085",
                                         "22258", "22212", "22284",
                                         "21979", "22267", "22192",
                                         "22181", "22153", "22144",
                                         "22158", "22167", "19941",
                                         "19916", "19282", "22193",
                                         "22122", "22104", "22121",
                                         "19610", "19622", "19605",
                                         "19562", "19723", "19150",
                                         "25182", "19828")),

    Agapostemen_angelicus_m = list(Genus="Agapostemon", SubGenus
                                   ="Agapostemon",
                                   Species="angelicus", SubSpecies="",
                                   Sex="m", Author = "Cockerell",
                                   Determiner = "L.C. Ponisio",
                                   temp.id= c("17959", "18125",
                                   "18128", "17963", "17950", "17941",
                                   "17797", "18243", "17713", "21988",
                                   "22137", "19787", "22293", "22155",
                                   "19830", "22128")),


    Lasioglossum_trizonatum_m = list(Genus="Lasioglossum",
                                     SubGenus ="Lasioglossum",
                                     Species="trizonatum",
                                     SubSpecies="", Sex="m",
                                     Author = "Cresson, 1874",
                                     Determiner =
                                         "J. Gardener", temp.id=
                                                            c("18295", "18051", "18066")),


    Lasioglossum_desertum_f= list(Genus="Lasioglossum", SubGenus
                                  ="Lasioglossum", Species="desertum",
                                  SubSpecies="", Sex="f",
                                  Author = "Smith",
                                  Determiner = "J. Gardener",
                                  temp.id=  c("18764", "17831", "18005", "18235", "18485", "18766")),


    Lasioglossum_desertum_m= list(Genus="Lasioglossum", SubGenus
                                  ="Lasioglossum", Species="desertum",
                                  SubSpecies="", Sex="m",
                                  Author = "Smith",
                                  Determiner = "J. Gardener",
                                  temp.id=  c("18398", "18750", "18203")),



    Lasioglossum_egregium_f = list(Genus="Lasioglossum",
                                   SubGenus ="Lasioglossum",
                                   Species="egregium",
                                   SubSpecies="", Sex="f",
                                   Author = "Vachal, 1904",
                                   Determiner =
                                       "J. Gardener",
                                   temp.id= c("17988")),

    Sphecodes_morphoa_f= list(Genus="Sphecodes", SubGenus ="",
                              Species="sp.",
                              SubSpecies="a", Sex="f",
                              Author = "",
                              Determiner ="",
                              temp.id= c("18664", "18335", "22164", "19467")),

    Sphecodes_morphob_f= list(Genus="Sphecodes", SubGenus ="",
                              Species="sp.",
                              SubSpecies="b", Sex="f",
                              Author = "",
                              Determiner ="",
                              temp.id= c("18121", "18131", "18160",
                                         "18212", "18216", "17939",
                                         "17970", "17969", "17972",
                                         "19233", "20329", "19063",
                                         "19776", "19813", "19757",
                                         "19739", "19807", "19738",
                                         "19460", "25154", "19088",
                                         "20218", "23933", "23959", "19058")),

        Sphecodes_morphob_m= list(Genus="Sphecodes", SubGenus ="",
                              Species="sp.",
                              SubSpecies="b", Sex="m",
                              Author = "",
                              Determiner ="",
                              temp.id= c("19933", "25129", "25110",
                                         "19871", "19875", "18965",
                                         "20263")),


    Dufourea_maura_f= list(Genus="Dufourea", SubGenus ="",
                           Species="maura", SubSpecies="",
                           Sex="f", Author = "Cresson",
                           Determiner = "L.C. Ponisio",
                           temp.id= c("17665", "18432", "18427",
                                      "17936", "17935", "17940",
                                      "18306")),

    Dufourea_maura_m= list(Genus="Dufourea", SubGenus ="",
                           Species="maura", SubSpecies="",
                           Sex="m", Author = "Cresson",
                           Determiner = "L.C. Ponisio",
                           temp.id= c("18124", "18242")),


    Halictus_ligatus_f= list(Genus="Halictus", SubGenus ="Odontalictus",
                             Species="ligatus", SubSpecies="",
                             Sex="f", Author = "Say",
                             Determiner = "D. Yanega",
                             temp.id= c("17853", "18737",
                                        "18143", "17975", "20324", "20274", "20271", "19788")),


    Halictus_tripartitus_f= list(Genus="Halictus",
                                 SubGenus ="Seladonia",
                                 Species="tripartitus",
                                 SubSpecies="", Sex="f",
                                 Author = "Cockerell",
                                 Determiner = "D. Yanega",
                                 temp.id= c("18104",
                                            "18307")),

    Lasioglossum_sisymbrii_m = list(Genus="Lasioglossum",
                                    SubGenus ="Lasioglossum",
                                    Species="sisymbrii",
                                    SubSpecies="",
                                    Sex="m",
                                    Author = "Cockerell",
                                    Determiner = "D. Yanega",
                                    temp.id=
                                        c("18580",
                                          "18581",
                                          "18593",
                                          "17977")),