
sp.ids <- list(

    Anthidium_maculosum_f = list(Genus="Anthidium",
                                 SubGenus ="Anthidium", Species="maculosum",
                                 SubSpecies="", Sex="f",
                                 Author = "Cresson", Determiner = "T. Griswold",
                                 temp.id= c("17879", "17741", "17715",
                                 "17721", "17714", "17683", "17701",
                                 "17686", "17682", "18042", "18190",
                                 "18176", "18263")),

    Anthidium_maculosum_m = list(Genus="Anthidium",
                                 SubGenus ="Anthidium", Species="maculosum",
                                 SubSpecies="", Sex="m",
                                 Author = "Cresson", Determiner = "T. Griswold",
                                 temp.id= c("17743", "17737", "17725",
                                 "17734", "17700", "18189", "18268"))

)
