
sp.ids <- list(


    ## podalonia_luctuosa 2018

    podalonia_luctuosa = list(Genus="Podalonia", SubGenus ="",
                              Species="luctuosa", SubSpecies="", Sex="f",
                              Author = "Smith", Determiner="J. Schlauch",
                              temp.id =c("18241", "18153", "18155",
                                         "18178", "17850", "18156",
                                         "17712", "17711", "17695",
                                         "17697", "17680", "17677",
                                         "17676", "17685", "17687",
                                         "17722", "17735", "17818",
                                         "17849", "17846", "17852",
                                         "17844", "17826", "17827",
                                         "17847", "17705", "18152",
                                         "17829", "17689", "18157",
                                         "18140", "18119", "18109",
                                         "18025", "17948", "17932",
                                         "17979", "18029", "18031",
                                         "18493", "18596", "18718"))
)

