
sp.ids <- list(

  bustamente_f = list(Genus="Ancistrocerus", SubGenus ="",
     Species="bustamente", SubSpecies="", Sex="f", Author = "Saussure",
     Determiner="J. Carpenter", temp.id
     =c("17704","18253","17938","18154","17854","18455","18501","BBSL1058974",
        "BBSL1070257","BBSL1059156","BBSL1059191","BBSL1059038","BBSL1059334",
        "BBSL1059435","BBSL1070357","BBSL1070358","BBSL1085213","BBSL1085147",
        "BBSL1085245","BBSL1085174","BBSL1085172","BBSL1085153","BBSL1074458",
        "BBSL1071379","BBSL1071375","BBSL1071530","BBSL1058371","BBSL1058557",
        "BBSL1073989","BBSL1059477","BBSL1059562","BBSL1059677","BBSL1074081",
        "BBSL1074086","BBSL1059750","BBSL1059859","BBSL1085041","BBSL1073918",
        "BBSL1074069","BBSL1059844","BBSL1073005","BBSL1074235","BBSL1071585")),
  
  bustamente_m = list(Genus="Ancistrocerus", SubGenus ="",
     Species="bustamente", SubSpecies="", Sex="m", Author = "Saussure",
     Determiner="J. Carpenter", temp.id
     =c("BBSL1085173","BBSL1085168","BBSL1085099","BBSL1085182",
        "BBSL1085196","BBSL1059105","BBSL1070260","BBSL1070236",
        "BBSL1085148","BBSL1085154","BBSL1058256","BBSL1086515",
        "BBSL1086438","BBSL1086445","BBSL1058584","BBSL1058573",
        "BBSL1058485","BBSL1058552","BBSL1058540","BBSL1071455",
        "BBSL1073217","BBSL1060022","BBSL1060005","BBSL1059905",
        "BBSL1071417","BBSL1071596","BBSL1059735","BBSL1073908",
        "BBSL1073947","BBSL1074409","BBSL1059833","BBSL1084901",
        "BBSL1073970","BBSL1073907","BBSL1059445","BBSL1059446",
        "BBSL1059638")),
  
  catskill_f = list(Genus="Ancistrocerus", SubGenus ="",
     Species="catskill", SubSpecies="", Sex="f", Author = "Saussure",
     Determiner="J. Carpenter", temp.id
     =c("BBSL1071585")),
  
  catskill_m = list(Genus="Ancistrocerus", SubGenus ="",
     Species="catskill", SubSpecies="", Sex="m", Author = "Saussure",
     Determiner="J. Carpenter", temp.id
     =c("BBSL1059436")),
  
  paracallosus_f = list(Genus="Ancistrocerus", SubGenus ="",
     Species="paracallosus", SubSpecies="", Sex="f", Author = "Bequaert",
     Determiner="J. Carpenter", temp.id
     =c("BBSL1073337")),
  
  tuberculocephalus_f = list(Genus="Ancistrocerus", SubGenus ="",
     Species="tuberculocephalus", SubSpecies="", Sex="f", Author = "Saussure",
     Determiner="J. Carpenter", temp.id
     =c("18747")),
  
  tuberculocephalus_m = list(Genus="Ancistrocerus", SubGenus ="",
     Species="tuberculocephalus", SubSpecies="", Sex="m", Author = "Saussure",
     Determiner="J. Carpenter", temp.id
     =c("18377")),
  
  consobrinus = list(Genus="Eumenes", SubGenus ="",
     Species="consobrinus", SubSpecies="", Sex="f", Author = "Saussure",
     Determiner="J. Carpenter", temp.id
     =c("BBSL1059127")),

  dilectus = list(Genus="Odynerus", SubGenus ="Odynerus",
     Species="dilectus", SubSpecies="", Sex="", Author = "Saussure",
     Determiner="J. Carpenter", temp.id
     =c("BBSL1071118","BBSL1071114","BBSL1071113","BBSL1071070","BBSL1071020",
        "BBSL1071035","BBSL1071021","BBSL1071047","BBSL1085601","BBSL1084739",
        "BBSL1084717","BBSL1084723","BBSL1084745","BBSL1058647","BBSL1058644",
        "BBSL1058744")),
  
  Polistes_dorsalis_f = list(Genus="Polistes", SubGenus ="Fuscopolistes",
     Species="dorsalis", SubSpecies="", Sex="f", Author = "Fabricius",
     Determiner="J. Carpenter", temp.id
     =c("BBSL1071273")),
  
  Polistes_dorsalis_m = list(Genus="Polistes", SubGenus ="Fuscopolistes",
     Species="dorsalis", SubSpecies="", Sex="m", Author = "Fabricius",
     Determiner="J. Carpenter", temp.id
     =c("18393")),
  
  Stenodynerus_taos_f = list(Genus="Stenodynerus", SubGenus ="",
     Species="taos", SubSpecies="", Sex="f", Author = "Cresson",
     Determiner="J. Carpenter", temp.id
     =c("BBSL1084744","BBSL1058702","BBSL1071943","17956")),
  
  Stenodynerus_taos_m = list(Genus="Stenodynerus", SubGenus ="",
     Species="taos", SubSpecies="", Sex="m", Author = "Cresson",
     Determiner="J. Carpenter", temp.id
     =c("BBSL1072824","BBSL1072821","BBSL1072842","BBSL1072790","BBSL1084878",
        "BBSL1084626","BBSL1070817","17825","18592")),
  
  Crabronidae = list(Genus="Crabronidae", SubGenus ="",
   Species="sp.", SubSpecies="", Sex="", Author = "",
    Determiner="J. Carpenter", temp.id
    =c("BBSL1072625")),
  
  Scoliidae = list(Genus="Scoliidae", SubGenus ="",
   Species="sp.", SubSpecies="a", Sex="f", Author = "",
    Determiner="J. Carpenter", temp.id
    =c("21637"))

)

