
sp.ids <- list(


    ##   Pseudopanurgus_piercei_f= list(Genus="Pseudopanurgus",
    ##                                   SubGenus ="",
    ##                                   Species="piercei",
    ##                                   SubSpecies="",
    ##                                   Sex="f", Author = "Crawford",
    ##                                   Determiner="",
    ##                                   temp.id= c()),


     Pseudopanurgus_atricornis_f= list(Genus="Pseudopanurgus",
                                       SubGenus ="",
                                       Species="atricornis",
                                       SubSpecies="",
                                       Sex="f", Author = "Cresson",
                                       Determiner="J.L. Neff",
                                       temp.id= c(33356, 33357, 33367,
                                                 33352, 33365)),


     Pseudopanurgus_atricornis_m= list(Genus="Pseudopanurgus",
                                       SubGenus ="",
                                       Species="atricornis",
                                       SubSpecies="",
                                       Sex="m", Author = "Cresson",
                                       Determiner="",
                                       temp.id= c(33482, 33484, 33473,
                                                 33361, 33390, 33385,
                                                 33362, 33617, 33164,
                                                 33170, 33152, 33143,
                                                 33845, 33169, 33266,
                                                 33267, 33853, 33259,
                                                 33283, 33204, 33200,
                                                 32307, 33255, 33201,
                                                 33218, 31887, 33154,
                                                 33253, 33261, 33265,
                                                 33960, 33968, 33850,
                                                 33373, 33622, 33384,
                                                 33374, 33350, 33349,
                                                 33345, 33344, 33368,
                                                 33369, 33874, 33957,
                                                 33875, 33880, 33462,
                                                 33975, 33971, 33377,
                                                 33859, 33860, 33879,
                                                 33948, 33950, 33872,
                                                 33868, 33339, 33457,
                                                 30642, 32590,
                                                 33270, 33976, 33165,
                                                 33167, 33153, 33291,
                                                 33276, 33159, 32583,
                                                 33338, 33160, 33340,
                                                 32604, 37838, 33343,
                                                 33172, 33978, 33287,
                                                 32308,
                                                 33354, 33279, 33465,
                                                 33376, 33380, 33208,
                                                 33282, 33269)),
    
    Pseudopanurgus_albitarsis_f= list(Genus="Pseudopanurgus", SubGenus ="",
                                      Species="albitarsis",
                                      SubSpecies="",
                                      Sex="f", Author = "Cresson, 1872",
                                      Determiner="J.L. Neff",
                                      temp.id= c(33071, 32892, 32891,
                                                 32896, 33109, 32895,
                                                 33113,
                                                 33490,
                                                 34070,
                                                 33086, 32903, 32811,
                                                 33068, 33072, 33073,
                                                 33095, 33097, 32910,
                                                 33094, 32899, 32909,
                                                 32905, 32904, 33065,
                                                 32810, 33079, 32901,
                                                 33074, 33063, 33088,
                                                 33087, 33077, 33078,
                                                 33064, 33091)),