
sp.ids <- list(
    ##   Pseudopanurgus_piercei_f= list(Genus="Pseudopanurgus",
    ##                                   SubGenus ="",
    ##                                   Species="piercei",
    ##                                   SubSpecies="",
    ##                                   Sex="f", Author = "Crawford",
    ##                                   Determiner="",
    ##                                   temp.id= c()),


    Pseudopanurgus_atricornis_f= list(Genus="Pseudopanurgus",
                                      SubGenus ="",
                                      Species="atricornis",
                                      SubSpecies="",
                                      Sex="f", Author = "Cresson",
                                      Determiner="J.L. Neff",
                                      temp.id= c(33356, 33357, 33367,
                                                 33352, 33365, 33873,
                                                 34122, 33952, 33884,
                                                 33386, 33375, 33611,
                                                 33387, 33388, 33840,
                                                 33389, 33483, 33479,
                                                 33494, 33497, 33847,
                                                 33854, 32573, 33110,
                                                 31886, 33371, 31889,
                                                 31899, 33980, 31922,
                                                 33863, 33848, 33862,
                                                 33855, 33865, 33867,
                                                 33866, 33871, 34071,
                                                 33953, 34123, 33970,
                                                 33379, 33372, 33969,
                                                 33974, 31929, 33951,
                                                 33885, 33461, 33441,
                                                 33459, 33458, 32303,
                                                 32304, 32538, 33263,
                                                 33258, 33256, 33264,
                                                 33262, 33260, 33268,
                                                 33217, 33220, 33612,
                                                 33212, 33207, 32295,
                                                 34023, 34031, 34030,
                                                 33341, 33882, 34035,
                                                 33958, 33973, 33383,
                                                 33381, 33962, 32294,
                                                 32297, 33963, 33168,
                                                 33163, 33144, 33145,
                                                 33213, 33610, 33278,
                                                 33277, 33602, 33592,
                                                 33370, 32707, 33254,
                                                 33360, 33353, 33205,
                                                 33271, 33348, 33346,
                                                 33286, 33351, 33358,
                                                 32559, 33219, 33347,
                                                 33289, 33290, 33285,
                                                 33359, 33281, 33199,
                                                 33202, 33251, 33364,
                                                 33579, 33214, 33211,
                                                 33215, 33216, 33585,
                                                 33272, 33366, 32302,
                                                 33595, 33280, 33603,
                                                 33275, 33273, 34022,
                                                 33470, 35486, 35600,
                                                 35614, 35550, 35609,
                                                 34849, 34853, 34855,
                                                 34850, 34857, 34860,
                                                 34848, 34844, 34846,
                                                 34864, 34856, 34875,
                                                 34872, 34871, 34869,
                                                 34868, 35445, 34876,
                                                 34885, 35490, 34884,
                                                 34882, 34883, 34867,
                                                 35597, 35492, 35513,
                                                 35498, 35621, 35638,
                                                 35641, 35653, 35645,
                                                 35654, 35693, 35670,
                                                 35700, 35702, 35695,
                                                 35705, 35716, 35715,
                                                 35720, 35711, 35723,
                                                 37524, 35854, 35853,
                                                 35852, 35726, 35734,
                                                 35729, 35999, 35982,
                                                 35968, 35956, 36026,
                                                 35931, 35643, 36031,
                                                 36028, 36068, 35920,
                                                 35862)),