sp.ids <- list(

    villa_sp_b = list(Genus="Villa",
                      SubGenus ="",
                      Species="sp.",
                      SubSpecies="b",
                      Sex="",
                      Author =  "",
                      Determiner="L. Ponisio",
                      temp.id= c(33523, 34702, 34640, 33524, 33526,
                                33527, 34711, 33528, 35213, 32459, 31160, 31025, 31027,
                                30846)),

    ## exoprosopa_sp = list(Genus="Exoprosopa",
    ##                      SubGenus ="",
    ##                      Species="sp.",
    ##                      SubSpecies="a",
    ##                      Sex="",
    ##                      Author =  "",
    ##                      Determiner="L. Ponisio",
    ##                      temp.id= c()),


    villa_sp_a = list(Genus="Villa",
                      SubGenus ="",
                      Species="sp.",
                      SubSpecies="a",
                      Sex="",
                      Author =  "",
                      Determiner="L. Ponisio",
                      temp.id= c(37833, 30976, 30988, 31001,
                                30844, 30845, 30847, 30955, 30965,
                                30701, 32422, 32448, 32614, 33296,
                                33177, 33292, 33294, 33886, 33304,
                                32620, 31829, 31631, 31628, 31638,
                                31801, 35060, 34205)),

    ## villa_sp_c = list(Genus="Villa",
    ##                   SubGenus ="",
    ##                   Species="sp.",
    ##                   SubSpecies="c",
    ##                   Sex="",
    ##                   Author =  "",
    ##                   Determiner="L. Ponisio",
    ##                   temp.id= c()),

    hemipenthes_sp = list(Genus="Hemipenthes",
                          SubGenus ="",
                          Species="sp.",
                          SubSpecies="",
                          Sex="",
                          Author = "",
                          Determiner="L. Ponisio",
                          temp.id= c(31161, 31163, 31164, 31315, 32156,
                                    32429, 32434, 32435, 32449, 32456,
                                    32457, 32460, 32458, 32625, 32791,
                                    34053, 33301, 34079, 34080, 34243,
                                    34245, 34049, 34248, 34253, 34251,
                                    33522, 31447, 31448, 31449, 31450,
                                    31451, 31452, 31453, 31454, 31685,
                                    31686, 31687, 31824, 31825, 31826,
                                    31827, 31828, 30721, 31830, 31613,
                                    31496, 34828, 34840, 35255,
                                    35310, 35316, 35380)),

    ## bombylius_sp_a = list(Genus="Bombylius",
    ##                       SubGenus ="Bombylius",
    ##                       Species="sp.",
    ##                       SubSpecies="a",
    ##                       Sex="",
    ##                       Author =  "",
    ##                       Determiner="L. Ponisio",
    ##                       temp.id= c()),


    bombylius_sp_b = list(Genus="Bombylius",
                          SubGenus ="Bombylius",
                          Species="sp.",
                          SubSpecies="b",
                          Sex="",
                          Author =  "",
                          Determiner="L. Ponisio",
                          temp.id= c(32451, 31317, 34793))

)
