
sp.ids <- list(

  Vanessa_cardui = list(Genus = "Vanessa", SubGenus="", Species =
    "cardui", SubSpecies = "", Sex = "", Author = "Linnaeus", Family =
    "Nymphalidae", Determiner="J.F. Zorn", temp.id = c()),

  Battus_philenor = list(Genus = "Battus", SubGenus="", Species =
    "philenor", SubSpecies = "", Sex = "", Author = "Linnaeus", Family
    = "Papilionidae", Determiner="J.F. Zorn", temp.id = c(36392)),


  Colias_eurytheme = list(Genus = "Colias", SubGenus="", Species = "eurytheme",
    SubSpecies = "", Sex = "", Author = "Boisduval", Family =
    "Pieridae", Determiner="J.F. Zorn", temp.id = c(36341,36345,36363,36364,36365,36378,36381,36398,36401,36402,36404,38406,38464,38472,38495,38499,38500,38524,38529,
                                                     38531,38537,38545,38546,38575,38576,38579,38598,38599,38600,38601,38602,38603,38642,38645,38662,38778,38878,39013,
                                                     39016,39052)),
    
    
