
sp.ids <- list(

  Vanessa_cardui = list(Genus = "Vanessa", SubGenus="", Species =
    "cardui", SubSpecies = "", Sex = "", Author = "Linnaeus", Family =
    "Nymphalidae", Determiner="J.F. Zorn", temp.id = c()),

  Battus_philenor = list(Genus = "Battus", SubGenus="", Species =
    "philenor", SubSpecies = "", Sex = "", Author = "Linnaeus", Family
    = "Papilionidae", Determiner="J.F. Zorn", temp.id = c(36392)),


  Colias_eurytheme = list(Genus = "Colias", SubGenus="", Species = "eurytheme",
    SubSpecies = "", Sex = "", Author = "Boisduval", Family =
    "Pieridae", Determiner="J.F. Zorn", temp.id = c(36341,36345,36363,36364,36365,36378,36381,36398,36401,36402,36404,38406,38464,38472,38495,38499,38500,38524,38529,
                                                     38531,38537,38545,38546,38575,38576,38579,38598,38599,38600,38601,38602,38603,38642,38645,38662,38778,38878,39013,
                                                     39016,39052)),
  
    Eurema_nicippe = list(Genus = "Eurema", SubGenus="",Species =
    "nicippe", SubSpecies = "", Sex = "", Author = "Cramer", Family =
    "Pieridae", Determiner="J.F. Zorn", temp.id = c(36377,36379,36380,36385,36386,36403,38481,38498,38507,38508,38526,38530,38533,38535,38577,38578,38604,38605,
                                                   38606,38607,38608,38609,38610,38611,38612,38613,38614,38615,38615,38616,38617,38618,38619,38649,38655)),
    
    
