sp.ids <- list(
    Eristalis_stipator_m = list(Genus = "Eristalis", SubGenus="",
                                Species = "stipator",
                                SubSpecies="", Sex = "m",
                                Author = "Osten Sacken",
                                Determiner="M.Hauser",
                                temp.id = c(32316, 32351, 32440,33763,
                                            32321,32328,32332,33984,
                                            34046,34239,34139,34076,34134,
                                            34207,31431,31435, 31439,
                                            31443,31444,31487,31491,31492,
                                            31493,31494,31495, 31621,
                                            31623,31625,31626,31630,31633,
                                            31637,31639,31640, 31647,
                                            34457,34466,32132,32064,31817,
                                            32105,31808,31804, 31813,
                                            32097,31814,32124,34468,34510,
                                            34511,34529,36162, 34580,
                                            35000,34625,34783,34831,32315))
)


    ## Eristalis_stipator_f = list(Genus = "Eristalis", SubGenus="",
    ##                             Species = "stipator",
    ##                             SubSpecies="", Sex = "f",
    ##                             Author = "Osten Sacken",
    ##                             Determiner="M.Hauser",
    ##                             temp.id = c()),
