moths.morpho <- list(

  Hyles_lineata =
  c("CH_081812_7","PL_081312_266","PL_081212_254","PL_081312_257","PL_081312_258","PL_080912_341",
    "CH_082012_182B","PL_080912_342","PL_080912_343","PL_081112_135","PL_081312_260","PL_081212_254",
    "PL_081212_253","PL_081112_134","PL_081212_256","PL_080912_347","PL_081212_252","PL_081312_265",
    "PL_081012_1","PL_081012_2","PL_080912_348","PL_081212_255","CH_082112_197","CH_082112_192",
    "CH_082112_195","CH_082112_194","CH_082112_191","CH_082112_190","CH_082112_196","CH_082112_193",
    "PL_081312_255","PL_081312_256", "PL_081312_259"),

  Noctuid_sp1 = c("PL_080912_356", "PL_080912_373", "PL_081212_241",
                 "PL_081312_264", "PL_081012_307", "PL_081212_240",
                 "PL_081212_242", "MM_080412_251", "MM_080112_244", "PL_081012_18",
                 "PL_081312_268", "PL_081312_251", "PL_081312_248"),

  Gnophaela_sp1 = c("PL_081312_273", "PL_081112_103"),

  Noctuid_sp2 = c("JC_071612_141", "JC_071612_57"),

  Noctuid_sp3 = c("JC_071512_13"),

  Noctuid_sp4 = c("CH_082012_152", "CH_082112_200"),

  Noctuid_sp5 = c("PL_081212_233", "PL_081012_305", "JC_071412_160",
    "PL_081312_246"),

  Noctuid_sp6 = c("SC_072912_119"),

  Noctuid_sp7 = c("PL_081312_267", "PL_081212_246", "PL_081112_190"),

  Noctuid_sp8 = c("JC_071612_154", "JC_071612_16", "JC_071512_12",
    "JC_071512_172"),

  Albunda_pyramidialis = c("JC_071412_25"),

  Choristoneura_conflictana = c("PL_081212_311", "PL_081112_107",
    "PL_081112_191", "PL_080912_358", "PL_081012_308",
    "PL_081212_234"),

  Ctenuena_cressonana = c("JC_071612_14"),

  Ctenuena_venosa = c("JC_071512_1"),

  Pyromorpha_dyari = c("MM_080212_319"),

  Zygaenidae_sp1 = c("MM_080212_341", "MM_080212_322",
    "MM_080112_239"),

  Pyralidae_sp1 = c("CH_082212_29"),

  Pyralidae_sp2 = c("JC_071612_140", "JC_071712_182",
    "JC_071512_175"),

  Geometridae_sp1 = c("JC_071612_155"),

  Geometridae_sp2 = c("JC_071712_12"),

  smallmoths = c("JC_071712_183", "JC_071212_132"),
  
  )

