
wasp.morpho <- list(

  Bembix_sp1 =c("PL_081312_194", "PL_080912_85", "SC_072012_122",
    "PL_081112_213", "PL_081212_180", "PL_080912_165",
    "SC_072012_212"),

  Philanthus_sp1 =c("JC_071512_20"),

  Philanthus_sp2 =c("SC_072012_182"),

  Crabronini_sp1 =c("PL_081312_98", "PL_081312_135", "PL_081012_243"),

  Crabronini_sp2 =c("SC_072012_89", "SC_072312_238", "SC_072312_246"),

  Crabronini_sp3 =c("JC_071712_73"),

  Crabronini_sp4 =c("SC_072312_1"),

  Crabronini_sp5 =c("SC_072012_91"),

  Crabronini_sp6 =c("CH_082212_67"),

  Crabronini_sp7 =c("PL_080912_291"),

  Crabronini_sp8 =c("SC_072112_17"),

  Crabronini_sp9 =c( "SC_072012_140", "SC_072812_15", "SC_072612_197",
    "SC_072012_97", "SC_072612_164", "SC_072312_268", "SC_072612_161",
    "SC_072012_283", "SC_072712_127", "SC_072612_166", "SC_072612_74",
    "SC_072612_234", "SC_072112_58"),

  tachytes_sp1 =c ("CH_082012_12"),

  tachytes_sp2 =c ("CH_082012_145"),

  tachytes_sp3 =c ("CH_082012_73", "CH_081812_14"),

  tachytes_sp4 =c ("CH_082112_14")

  )
