sphecidae <- list(
  
  sphecidae_sp1 =
  c("SC_072012_306","SC_072712_17","SC_072012_110","MM_080412_244","SC_072712_143","SC_072012_112",
    "SC_072812_53","SC_072612_202","SC_072712_30","SC_072612_175","SC_072612_178","SC_072312_157",
    "SC_072012_104","SC_072712_145","SC_072012_307","SC_072312_144","SC_072612_55","SC_072612_63",
    "SC_072812_60","SC_072712_28","SC_072012_66","SC_072612_176","SC_072612_203","SC_072712_158",
    "SC_072712_160","SC_072712_161","SC_072712_72","SC_072012_109","SC_072612_173","SC_072712_258",
    "SC_072712_91","SC_072712_218","SC_072712_124","SC_072712_7","SC_072612_242","SC_072112_130",
    "SC_072612_177","SC_072312_166","SC_072012_44","SC_072012_304","SC_072712_69","SC_072712_20",
    "SC_072812_20","SC_072612_223","PL_081312_59","PL_081112_60","PL_081112_220","PL_081112_153",
    "PL_081212_266","CH_082012_121","PL_081312_191","PL_081312_60","PL_081212_39","PL_081312_57",
    "PL_081312_189","MM_080212_188","MM_080212_187","MM_080212_288","MM_080312_38","PL_081012_102",
    "PL_081012_232","MM_080212_49","MM_080212_108","MM_080212_152","MM_080212_151","MM_080212_291",
    "MM_080212_176","MM_080212_193","MM_080212_137","MM_080212_205","MM_080212_171","MM_080212_223",
    "MM_080212_192","MM_080212_254","MM_073112_101","MM_073112_100","MM_073112_99","MM_080212_135",
    "MM_080212_206","MM_080212_204","MM_080212_138","MM_073112_38","MM_080212_139","MM_080212_199",
    "MM_080212_200","MM_080212_136","SC_072912_108","SC_072912_18","SC_072912_27","SC_072912_65",
    "SC_072912_106","SC_072912_9","SC_072912_5","SC_072812_213","SC_072812_166","SC_072912_26",
    "SC_072812_187","SC_072012_118","SC_072812_121","SC_072812_120","SC_072812_190","SC_072812_188",
    "SC_072912_104","SC_072812_170","SC_072912_109","SC_072912_107","SC_072912_111","SC_072912_110",
    "SC_072612_179","JC_071112_6","JC_071212_82","SC_072612_185","SC_072612_41","SC_072912_103",
    "SC_072912_68","SC_072912_112","MM_080112_100","MM_080112_124","MM_080112_123","SC_072612_194",
    "SC_072712_260","SC_072012_303","SC_072012_75","MM_080112_159","JC_071612_69","JC_071512_25",
    "JC_071712_101","JC_071512_56","JC_071412_98","JC_071412_5","SC_072012_222","SC_072012_72",
    "MM_080412_74","MM_080412_122","SC_072012_67","MM_080412_174","SC_072012_240","SC_072012_70",
    "SC_072012_111","SC_072112_56","SC_072012_65","SC_072012_302","SC_072012_85","SC_072012_86",
    "SC_072012_108","SC_072012_68","SC_072012_69","SC_072012_120","SC_072012_214","SC_072012_220",
    "SC_072012_84","SC_072012_45","SC_072812_75","SC_072012_219","SC_072012_127","SC_072012_179",
    "SC_072012_174","SC_072012_74","SC_072312_146","SC_072112_140","SC_072012_299","SC_072012_298",
    "SC_072012_241","SC_072712_157","SC_072312_159","SC_072312_226","SC_072012_301","SC_072012_305",
    "SC_072012_308","SC_072612_84","SC_072312_145","SC_072712_156","SC_072312_147","SC_072012_71"),

  sphecidae_sp2 =c ("PL_081312_117", "PL_081112_223", "CH_082212_85",
    "CH_082012_24", "CH_082012_101", "CH_082012_202", "CH_082012_147",
    "PL_081012_13", "PL_081012_224", "PL_081112_36", "PL_081112_1",
    "PL_081312_4", "PL_081312_1", "PL_081012_14", "SC_072612_226",
    "SC_072712_25", "MM_080412_208", "MM_080212_268", "MM_080212_73",
    "MM_080212_210", "JC_071612_119", "PL_081312_215",
    "MM_080112_222", "MM_080312_201", "MM_080312_200", "SC_072012_83",
    "JC_071612_118", "JC_071712_132", "JC_071212_11", "JC_071212_55",
    "JC_071212_79", "JC_071212_81", "JC_071412_4", "JC_071212_4",
    "JC_071212_78", "JC_071612_68", "JC_071612_59", "JC_071612_42",
    "JC_071612_55", "JC_071612_21", "JC_071612_41", "JC_071712_79",
    "JC_071712_23", "JC_071612_108", "JC_071612_65", "JC_071612_31",
    "JC_071612_34", "JC_071712_44", "JC_071712_90", "JC_071712_122",
    "JC_071712_118", "JC_071712_67", "JC_071712_31", "JC_071412_49",
    "JC_071412_54", "JC_071412_57", "JC_071412_68", "JC_071412_99",
    "JC_071512_26", "JC_071512_46", "JC_071512_47", "JC_071512_48",
    "JC_071512_49", "JC_071412_140", "JC_071412_141", "JC_071712_169",
    "JC_071512_116", "JC_071512_143", "JC_071212_19", "JC_071512_88"),

  sphecidae_sp3 =c ("JC_071212_80", "JC_071612_107"),

  sphecidae_sp4 =c ("PL_081112_222", "PL_081212_37", "MM_080212_214",
    "MM_073112_39", "SC_072012_206"),
    
      tiphidae_sp1 =c ("CH_082012_90", "CH_082112_7"),

  tiphidae_sp2 =c ("SC_072112_65"),

  sphecidae_sp5 =c ("JC_071612_47"),

  sphecidae_sp6 =c ("MM_080212_74", "MM_080212_127"),

  sphecidae_sp7 =c ("JC_071612_39")
  )
