
sp.ids <- list(


    Anthophora_urbana_f = list(Genus="Anthophora",
                               SubGenus="Mystacanthophora",
                               Species="urbana",
                               SubSpecies="",
                               Sex="f",
                               Author = "Cresson",
                               Determiner="L. Ponisio",
                               temp.id= c("BBSL1072947",
                                          "BBSL1059061",
                                          "BBSL1070443",
                                          "BBSL1072719",
                                          "BBSL1072668",
                                          "BBSL1072616",
                                          "BBSL1084486",
                                          "BBSL1084459",
                                          "BBSL1085303",
                                          "BBSL1084460",
                                          "BBSL1084461",
                                          "BBSL1087202", "20820",
                                          "22885", "22926", "20814",
                                          "21401")),

    Anthophora_urbana_m = list(Genus="Anthophora",
                               SubGenus="Mystacanthophora",
                               Species="urbana",
                               SubSpecies="",
                               Sex="m",
                               Author = "Cresson",
                               Determiner="L. Ponisio",
                               temp.id= c("BBSL1084471",
                                          "BBSL1084470",
                                          "BBSL1085076",
                                          "BBSL1085088",
                                          "BBSL1085140",
                                          "BBSL1085272",
                                          "BBSL1085222",
                                          "BBSL1085188",
                                          "BBSL1084462",
                                          "BBSL1084488",
                                          "BBSL1084484",
                                          "BBSL1085120",
                                          "BBSL1086924",
                                          "BBSL1085121",
                                          "BBSL1084463",
                                          "BBSL1086923",
                                          "BBSL1084413",
                                          "BBSL1086901",
                                          "BBSL1070422",
                                          "BBSL1072769",
                                          "BBSL1070442",
                                          "BBSL1072779",
                                          "BBSL1072953",
                                          "BBSL1074134",
                                          "BBSL1071276",
                                          "BBSL1059197",
                                          "BBSL1072813",
                                          "BBSL1072845",
                                          "BBSL1072856",
                                          "BBSL1072655",
                                          "BBSL1074213",
                                          "BBSL1072911",
                                          "BBSL1073325",
                                          "BBSL1073312",
                                          "BBSL1072080",
                                          "BBSL1072720",
                                          "BBSL1087056", "20815",
                                          "22560", "20812", "21367",
                                          "21428", "22443", "21743",
                                          "21442", "21439", "21366",
                                          "21382", "23607", "23413",
                                          "21429", "23165", "23390",
                                          "22834", "22828", "22940",
                                          "20888", "20890", "20885")),