
sp.ids <- list(

    hemipenthes = list(Genus="Hemipenthes",
                       SubGenus ="",
                       Species="sp.",
                       SubSpecies="a",
                       Sex="",
                       Author =  "",
                       Determiner="L. Ponisio",
                       temp.id= c("BBSL1073432", "BBSL1071050",
                                  "BBSL1072758", "BBSL1073352",
                                  "BBSL1072961", "BBSL1072926",
                                  "BBSL1073380", "BBSL1071712",
                                  "BBSL1073189", "BBSL1071152",
                                  "BBSL1070656", "BBSL1072797",
                                  "BBSL1072820", "BBSL1060007",
                                  "BBSL1059980", "BBSL1058732",
                                  "BBSL1058731", "BBSL1058661",
                                  "BBSL1058714", "BBSL1071259",
                                  "BBSL1071224", "BBSL1071228",
                                  "BBSL1071298", "BBSL1071241",
                                  "BBSL1072928", "BBSL1072893",
                                  "BBSL1087129")),

    villa_sp_b = list(Genus="Villa",
                      SubGenus ="",
                      Species="sp.",
                      SubSpecies="b",
                      Sex="",
                      Author =  "",
                      Determiner="L. Ponisio",
                      temp.id= c("BBSL1071706", "BBSL1070899",
                                 "BBSL1073033", "BBSL1074176",
                                 "BBSL1074176", "BBSL1071615",
                                 "BBSL1058360", "BBSL1086751",
                                 "BBSL1058151", "BBSL1058149",
                                 "BBSL1071492", "BBSL1071470",
                                 "BBSL1071516", "BBSL1071478",
                                 "BBSL1073110", "BBSL1071663",
                                 "BBSL1071467", "BBSL1071755",
                                 "BBSL1071756", "BBSL1071793",
                                 "BBSL1071799", "BBSL1071829",
                                 "BBSL1070591", "BBSL1070716",
                                 "BBSL1071695", "BBSL1071715",
                                 "BBSL1071727", "BBSL1071831",
                                 "BBSL1071809")),

    exoprosopa_sp = list(Genus="Exoprosopa",
                         SubGenus ="",
                         Species="sp.",
                         SubSpecies="a",
                         Sex="",
                         Author =  "",
                         Determiner="L. Ponisio",
                         temp.id= c("BBSL1073140", "BBSL1073141",
                                    "BBSL1073142", "BBSL1073222",
                                    "BBSL1073233", "BBSL1073249")),

    villa_sp_a = list(Genus="Villa",
                      SubGenus ="",
                      Species="sp.",
                      SubSpecies="a",
                      Sex="",
                      Author =  "",
                      Determiner="L. Ponisio",
                      temp.id= c("BBSL1058186", "BBSL1058760",
                                 "BBSL1071066", "BBSL1071154",
                                 "BBSL1073318", "BBSL1071240",
                                 "BBSL1071425", "BBSL1071108",
                                 "BBSL1071491", "BBSL1071632",
                                 "BBSL1071567", "BBSL1071441",
                                 "BBSL1072755", "BBSL1072963",
                                 "BBSL1073031", "BBSL1072747",
                                 "BBSL1072983", "BBSL1072894",
                                 "BBSL1072995", "BBSL1070717",
                                 "BBSL1058975", "BBSL1058560",
                                 "BBSL1070947", "BBSL1070549",
                                 "BBSL1070529", "BBSL1070956",
                                 "BBSL1071812", "BBSL1058357")),

    villa_sp_c = list(Genus="Villa",
                      SubGenus ="",
                      Species="sp.",
                      SubSpecies="c",
                      Sex="",
                      Author =  "",
                      Determiner="L. Ponisio",
                      temp.id= c("BBSL1071424", "BBSL1071522",
                                 "BBSL1071421", "BBSL1086457",
                                 "BBSL1086459", "BBSL1086413",
                                 "BBSL1086415", "BBSL1071498",
                                 "BBSL1071493")),

    bombylius_sp_a = list(Genus="Bombylius",
                          SubGenus ="Bombylius",
                          Species="sp.",
                          SubSpecies="a",
                          Sex="",
                          Author =  "",
                          Determiner="L. Ponisio",
                          temp.id= c("BBSL1071737", "BBSL1071794",
                                     "BBSL1071830")),

    bombylius_sp_b = list(Genus="Bombylius",
                          SubGenus ="Bombylius",
                          Species="sp.",
                          SubSpecies="b",
                          Sex="",
                          Author =  "",
                          Determiner="L. Ponisio",
                          temp.id= c("BBSL1058696"
                                     ))



)
