
sp.ids <- list(

  Colletes_compactus_m = list(genus="Colletes", subgenus ="compactus",
                          species="compactus", subspecies="", sex="m", author = "", determiner = "T. Griswold",
                          temp.id= c("BBSL1073193", "BBSL1073266",
                                     "BBSL1073267", "BBSL1073268",
                                     "BBSL1073269", "BBSL1073270",
                                     "BBSL1073273", "BBSL1073274",
                                     "BBSL1073277", "BBSL1073278",
                                     "BBSL1073281", "BBSL1073215",
                                     "BBSL1073284", "BBSL1073286",
                                     "BBSL1073291", "BBSL1073292",
                                     "BBSL1073293", "BBSL1073294",
                                     "BBSL1073295", "BBSL1073296",
                                     "BBSL1073297")),

  Colletes_nigrifrons_f = list(genus="Colletes", subgenus ="consors",
                            species="nigrifrons", subspecies="", sex="f", author = "", determiner = "T. Griswold",
                            temp.id= c("BBSL1058717", "BBSL1058680",
                                       "BBSL1071022", "BBSL1071049",
                                       "BBSL1071052", "BBSL1071077",
                                       "BBSL1071087", "BBSL1071097",
                                       "BBSL1071101", "BBSL1071102",
                                       "BBSL1071109", "BBSL1071043",
                                       "BBSL1071090", "BBSL1071091",
                                       "BBSL1071116", "BBSL1071071",
                                       "BBSL1071076", "BBSL1071079",
                                       "BBSL1071080", "BBSL1071089")),

  Colletes_scopiventer_f = list(genus="Colletes", subgenus ="consors",
                             species="scopiventer", subspecies="", sex="f", author = "", determiner = "T. Griswold",
                             temp.id= c("BBSL1070461")),

  Colletes_lutzi_f = list(genus="Colletes", subgenus ="hyalinus",
                       species="lutzi", subspecies="lutzi", sex="f", author = "", determiner = "T. Griswold",
                       temp.id= c("BBSL1070634")),

  Colletes_phaceliae_f = list(genus="Colletes", subgenus ="hyalinus",
                           species="phaceliae", subspecies="", sex="f", author = "", determiner = "T. Griswold",
                           temp.id= c("BBSL1071104", "BBSL1071069")),

  Colletes_gilensis_m= list(genus="Colletes", subgenus ="productus",
                            species="gilensis", subspecies="", sex="m", author = "", determiner = "T. Griswold",
                            temp.id= c("BBSL1074274", "BBSL1059883",
                                       "BBSL1059170", "BBSL1059258")),

  Colletes_gilensis_f= list(genus="Colletes", subgenus ="productus",
                            species="gilensis", subspecies="", sex="f", author = "", determiner = "T. Griswold",
                            temp.id= c("BBSL1070592")),

  Colletes_eulophi_f = list(genus="Colletes", subgenus ="simulans",
                         species="eulophi", subspecies="", sex="f", author = "", determiner = "T. Griswold",
                         temp.id= c("BBSL1072848", "BBSL1074423")),

  Colletes_wootoni_f = list(genus="Colletes", subgenus ="simulans",
                         species="wootoni", subspecies="", sex="f", author = "", determiner = "T. Griswold",
                         temp.id= c("BBSL1070927", "BBSL1060049")),

  Hylaeus_annulatus_f = list(genus="Hylaeus", subgenus ="",
                             species="annulatus", subspecies="", sex="f", author = "Linnaeus", determiner = "T. Griswold",
                             temp.id= c("BBSL1058270", "BBSL1058280",
                                        "BBSL1058291", "BBSL1058344",
                                        "BBSL1058374", "BBSL1071642",
                                        "BBSL1058450", "BBSL1058462",
                                        "BBSL1058477", "BBSL1058517",
                                        "BBSL1058521", "BBSL1058526",
                                        "BBSL1058539", "BBSL1071355",
                                        "BBSL1071419", "BBSL1071465",
                                        "BBSL1071485", "BBSL1071896",
                                        "BBSL1071941", "BBSL1070593")),

  Hylaeus_annulatus_m = list(genus="Hylaeus", subgenus ="",
                             species="annulatus", subspecies="", sex="m", author = "Linnaeus", determiner = "T. Griswold",
                             temp.id= c("BBSL1058282")),

  Hylaeus_basalis_f = list(genus="Hylaeus", subgenus ="",
                         species="basalis", subspecies="", sex="f", author = "", determiner = "T. Griswold",
                         temp.id= c("BBSL1058725", "BBSL1058671"))

)
