
sp.ids <- list(
    Lasioglossum_aquilae_f = list(Genus="Lasioglossum",
                                  SubGenus ="Dialictus",
                                  Species="aquilae",
                                SubSpecies="",
                                Sex="f", Author = "Cockerell",
                                Determiner = "D. Yanega",
                                temp.id= c(
                                    "BBSL1086523",
                                    "BBSL1071506",
                                    "BBSL1071637",
                                    "BBSL1071312",
                                    "BBSL1071317",
                                    "BBSL1071329",
                                    "BBSL1058430",
                                    "BBSL1058368",
                                    "BBSL1058414",
                                    "BBSL1058405",
                                    "BBSL1058369",
                                    "BBSL1058594",
                                    "BBSL1058602",
                                    "BBSL1058227",
                                    "BBSL1058237",
                                    "BBSL1058223",
                                    "BBSL1058226",
                                    "BBSL1071559",
                                    "BBSL1071051",
                                    "BBSL1070208",
                                    "BBSL1071938",
                                    "BBSL1070207",
                                    "BBSL1070199",
                                    "BBSL1070579",
                                    "BBSL1071333",
                                    "BBSL1070179",
                                    "BBSL1070206",
                                    "BBSL1070205",
                                    "BBSL1070583",
                                    "BBSL1070621",
                                    "BBSL1071361",
                                    "BBSL1070698",
                                    "BBSL1086612")),


    Agapostemen_angelicus_f = list(
        Genus="Agapostemon",
        SubGenus ="Agapostemon",
        Species="angelicus",
        SubSpecies="",
        Sex="f",
        Author = "Cockerell",
        Determiner = "L.C. Ponisio",
        temp.id= c("BBSL1074035", "BBSL1074034", "BBSL1074020",
                   "BBSL1073950", "BBSL1073955", "BBSL1070672",
                   "BBSL1070673", "BBSL1070620", "BBSL1070638",
                   "BBSL1071878", "BBSL1074191", "BBSL1074192",
                   "BBSL1074193", "BBSL1074210", "BBSL1074224",
                   "BBSL1074219", "BBSL1074273", "BBSL1074275",
                   "BBSL1074264", "BBSL1074241", "BBSL1074135",
                   "BBSL1074323", "BBSL1073930", "BBSL1074124",
                   "BBSL1074092", "BBSL1074359", "BBSL1074352",
                   "BBSL1074335", "BBSL1074324", "BBSL1074325",
                   "BBSL1074307", "BBSL1074297", "BBSL1074296",
                   "BBSL1074155", "BBSL1074174", "BBSL1074418",
                   "BBSL1074416", "BBSL1074419", "BBSL1074420",
                   "BBSL1074421", "BBSL1074382", "BBSL1074429",
                   "BBSL1074430", "BBSL1071162", "BBSL1074455",
                   "BBSL1074461", "BBSL1071094", "BBSL1071045",
                   "BBSL1073869", "BBSL1073765", "BBSL1072189",
                   "BBSL1072697", "BBSL1073838", "BBSL1073824",
                   "BBSL1073825", "BBSL1073868", "BBSL1059469",
                   "BBSL1059478", "BBSL1059467", "BBSL1059458",
                   "BBSL1059457", "BBSL1059963", "BBSL1058824",
                   "BBSL1059128", "BBSL1059179", "BBSL1059167",
                   "BBSL1058965", "BBSL1059059", "BBSL1059762",
                   "BBSL1059313", "BBSL1059742", "BBSL1059686",
                   "BBSL1059884", "BBSL1059871", "BBSL1060123",
                   "BBSL1059529", "BBSL1059514", "BBSL1058571",
                   "BBSL1059198", "BBSL1058236", "BBSL1059381",
                   "BBSL1059024", "BBSL1058752", "BBSL1058740",
                   "BBSL1059624", "BBSL1059660", "BBSL1059621",
                   "BBSL1059276", "BBSL1059225", "BBSL1059269",
                   "BBSL1070230", "BBSL1070200", "BBSL1070228",
                   "BBSL1070423", "BBSL1073905", "BBSL1073904",
                   "BBSL1073897", "BBSL1073898", "BBSL1073890",
                   "BBSL1073888", "BBSL1073887", "BBSL1073895",
                   "BBSL1073916", "BBSL1073458", "BBSL1073412",
                   "BBSL1074050", "BBSL1074059", "BBSL1074045",
                   "BBSL1074044", "BBSL1074047", "BBSL1074078",
                   "BBSL1074037", "BBSL1074041", "BBSL1074036",
                   "BBSL1085211", "BBSL1085847", "BBSL1085270",
                   "BBSL1085131", "BBSL1085158", "BBSL1084908",
                   "BBSL1084993", "BBSL1084408", "BBSL1084986",
                   "BBSL1084987", "BBSL1085393", "BBSL1085880",
                   "BBSL1085848", "BBSL1085881", "BBSL1085064",
                   "BBSL1085044", "BBSL1085078", "BBSL1084523",
                   "BBSL1085077", "BBSL1085965", "BBSL1085980",
                   "BBSL1085966", "BBSL1085935", "BBSL1085958",
                   "BBSL1085940", "BBSL1085939", "BBSL1085570",
                   "BBSL1085587", "BBSL1085543", "BBSL1085774",
                   "BBSL1085771", "BBSL1086010", "BBSL1086011",
                   "BBSL1085992", "BBSL1086101", "BBSL1085991",
                   "BBSL1086057", "BBSL1086028", "BBSL1086041",
                   "BBSL1086030", "BBSL1085922", "BBSL1087256",
                   "BBSL1071068")),