
sp.ids <- list(

    Agapostemen_angelicus_f = list(genus="Agapostemen", subgenus ="",
                                   species="angelicus", subspecies="", sex="f", author = "Cockerell",
                                   determiner = "L.C. Ponisio",
                                   temp.id= c("BBSL1074035", "BBSL1074034", "BBSL1074020", "BBSL1073950", "BBSL1073955", "BBSL1070672", "BBSL1070673",
                                              "BBSL1070620", "BBSL1070638", "BBSL1071878", "BBSL1074191", "BBSL1074192", "BBSL1074193", "BBSL1074210",
                                              "BBSL1074224", "BBSL1074219", "BBSL1074273", "BBSL1074275", "BBSL1074264", "BBSL1074241", "BBSL1074135",
                                              "BBSL1074323", "BBSL1073930", "BBSL1074124", "BBSL1074092", "BBSL1074359", "BBSL1074352", "BBSL1074335",
                                              "BBSL1074324", "BBSL1074325", "BBSL1074307", "BBSL1074297", "BBSL1074296", "BBSL1074155", "BBSL1074174",
                                              "BBSL1074418", "BBSL1074416", "BBSL1074419", "BBSL1074420", "BBSL1074421", "BBSL1074382", "BBSL1074429",
                                              "BBSL1074430", "BBSL1071162", "BBSL1074455", "BBSL1074461", "BBSL1071094", "BBSL1071045", "BBSL1073869",
                                              "BBSL1073765", "BBSL1072189", "BBSL1072697", "BBSL1073838", "BBSL1073824", "BBSL1073825", "BBSL1073868",
                                              "BBSL1059469", "BBSL1059478", "BBSL1059467", "BBSL1059458", "BBSL1059457", "BBSL1059963", "BBSL1058824",
                                              "BBSL1059128", "BBSL1059179", "BBSL1059167", "BBSL1058965", "BBSL1059059", "BBSL1059762", "BBSL1059313",
                                              "BBSL1059742", "BBSL1059686", "BBSL1059884", "BBSL1059871", "BBSL1060123", "BBSL1059529", "BBSL1059514",
                                              "BBSL1058571", "BBSL1059198", "BBSL1058236", "BBSL1059381", "BBSL1059024", "BBSL1058752", "BBSL1058740",
                                              "BBSL1059624", "BBSL1059660", "BBSL1059621", "BBSL1059276", "BBSL1059225", "BBSL1059269", "BBSL1070230",
                                              "BBSL1070200", "BBSL1070228", "BBSL1070423", "BBSL1073905", "BBSL1073904", "BBSL1073897", "BBSL1073898",
                                              "BBSL1073890", "BBSL1073888", "BBSL1073887", "BBSL1073895", "BBSL1073916", "BBSL1073458", "BBSL1073412",
                                              "BBSL1074050", "BBSL1074059", "BBSL1074045", "BBSL1074044", "BBSL1074047", "BBSL1074078", "BBSL1074037",
                                              "BBSL1074041", "BBSL1074036"
                                              )),

    Agapostemen_angelicus_m = list(genus="Agapostemen", subgenus ="",
                                   species="angelicus", subspecies="", sex="m", author = "Cockerell",
                                   determiner = "L.C. Ponisio",
                                   temp.id= c("BBSL1059634", "BBSL1059672", "BBSL1059625", "BBSL1059626", "BBSL1059611", "BBSL1059662", "BBSL1059642",
                                              "BBSL1059668", "BBSL1059651", "BBSL1059641", "BBSL1059640", "BBSL1059590", "BBSL1059588", "BBSL1059597",
                                              "BBSL1059283", "BBSL1059275", "BBSL1058711", "BBSL1059241", "BBSL1060069", "BBSL1059972", "BBSL1059456",
                                              "BBSL1059459", "BBSL1059460", "BBSL1059461", "BBSL1059462", "BBSL1059482", "BBSL1059483", "BBSL1059505",
                                              "BBSL1059530", "BBSL1059847", "BBSL1059371", "BBSL1059719", "BBSL1059717", "BBSL1059722", "BBSL1059731",
                                              "BBSL1059716", "BBSL1059806", "BBSL1059805", "BBSL1059804", "BBSL1059474", "BBSL1058882", "BBSL1058871",
                                              "BBSL1059162", "BBSL1058902", "BBSL1058658", "BBSL1059707", "BBSL1073126", "BBSL1070333", "BBSL1070335",
                                              "BBSL1070444", "BBSL1070445", "BBSL1070446", "BBSL1070447", "BBSL1070370", "BBSL1070283", "BBSL1073061",
                                              "BBSL1073411", "BBSL1072780", "BBSL1072773", "BBSL1072789", "BBSL1072781", "BBSL1072782", "BBSL1072786",
                                              "BBSL1072760", "BBSL1072959", "BBSL1072929", "BBSL1072918", "BBSL1072919", "BBSL1072907", "BBSL1072897",
                                              "BBSL1072913", "BBSL1072882", "BBSL1072883", "BBSL1072864", "BBSL1074033", "BBSL1072833", "BBSL1072827",
                                              "BBSL1072814", "BBSL1072828", "BBSL1072832", "BBSL1072841", "BBSL1072844", "BBSL1072823", "BBSL1072818",
                                              "BBSL1072795", "BBSL1072801", "BBSL1070622", "BBSL1070714", "BBSL1070686", "BBSL1074220", "BBSL1074140",
                                              "BBSL1074099", "BBSL1074422", "BBSL1071131", "BBSL1074407", "BBSL1072278",
                                              "BBSL1072289", "BBSL1072140", "BBSL1073826", "BBSL1072141")
                                   ),

    Dufourea_harveyi_m = list(genus="Dufourea", subgenus ="",
                           species="harveyi", subspecies="", sex="m", author = "Cresson",
                           determiner = "T. Griswold",
                           temp.id= c("BBSL1073460")),

    Dufourea_maura_f= list(genus="Dufourea", subgenus ="",
                           species="maura", subspecies="", sex="f", author = "Cresson",
                           determiner = "T. Griswold",
                           temp.id= c("BBSL1071354", "BBSL1071565", "BBSL1071566", "BBSL1074166", "BBSL1074167",
                                      "BBSL1074168", "BBSL1074169", "BBSL1074269", "BBSL1074272", "BBSL1074265",
                                      "BBSL1074388", "BBSL1074389", "BBSL1071759", "BBSL1071760", "BBSL1071769",
                                      "BBSL1072559")),

    Dufourea_maura_m= list(genus="Dufourea", subgenus ="",
                           species="maura", subspecies="", sex="m", author = "Cresson",
                           determiner = "T. Griswold",
                           temp.id= c("BBSL1058701")),

     Lasioglossum_sisymbrii_f = list(genus="Lasioglossum", subgenus
                                  ="Lasioglossum", species="sisymbrii", subspecies="", sex="f",
                                  author = "Cockerell", determiner = "T. Griswold", temp.id=
                                                                                        c("BBSL1074065"))

)
