
sp.ids <- list(



#podalonia_luctuosa 2017
 podalonia_luctuosa = list(Genus="Podalonia", SubGenus ="",
    Species="luctuosa", SubSpecies="", Sex="f", Author = "Smith",
    Determiner="J. Schlauch", temp.id
    =c("BBSL1070555","BBSL1070562","BBSL1070559","BBSL1070830",
       "BBSL1070827","BBSL1070821","BBSL1070822","BBSL1070838",
       "BBSL1073137","BBSL1073138","BBSL1073487","BBSL1070743",
       "BBSL1070742","BBSL1070731","BBSL1070730","BBSL1070729",
       "BBSL1070720","BBSL1070719","BBSL1070787","BBSL1070785",
       "BBSL1070778","BBSL1070777","BBSL1070771","BBSL1070786",
       "BBSL1070761","BBSL1070413","BBSL1070388","BBSL1070386",
       "BBSL1070387","BBSL1070810","BBSL1070815","BBSL1073913",
       "BBSL1073912","BBSL1073894","BBSL1073896","BBSL1073900",
       "BBSL1073039","BBSL1073038","BBSL1073029","BBSL1073045",
       "BBSL1073473","BBSL1072783","BBSL1072767","BBSL1072951",
       "BBSL1074082","BBSL1073988","BBSL1073985","BBSL1073987",
       "BBSL1073984","BBSL1073986","BBSL1074003","BBSL1074004",
       "BBSL1074000","BBSL1073999","BBSL1074002","BBSL1074016",
       "BBSL1074018","BBSL1074019","BBSL1074024","BBSL1074165",
       "BBSL1074164","BBSL1074163","BBSL1073977","BBSL1073981",
       "BBSL1073982","BBSL1073983","BBSL1073979","BBSL1073980",
       "BBSL1073975","BBSL1073974","BBSL1073973","BBSL1073967",
       "BBSL1073968","BBSL1073966","BBSL1073959","BBSL1073945",
       "BBSL1073946","BBSL1073944","BBSL1084515","BBSL1072258",
       "BBSL1072259","BBSL1073122","BBSL1070954","BBSL1058681",
       "BBSL1070712","BBSL1070646","BBSL1071944","BBSL1071945",
       "BBSL1071964","BBSL1071965","BBSL1071966","BBSL1071972",
       "BBSL1072054","BBSL1072085","BBSL1072050","BBSL1072052",
       "BBSL1072043","BBSL1072048","BBSL1072035","BBSL1072024",
       "BBSL1072212","BBSL1072211","BBSL1072228","BBSL1072227",
       "BBSL1072241","BBSL1072195","BBSL1072182","BBSL1072116",
       "BBSL1072114","BBSL1072101","BBSL1072100","BBSL1071490",
       "BBSL1070979","BBSL1070980","BBSL1070998","BBSL1071367",
       "BBSL1071372","BBSL1070907","BBSL1070933","BBSL1070912",
       "BBSL1070911","BBSL1070910","BBSL1070924","BBSL1070923",
       "BBSL1070909","BBSL1070921","BBSL1070920","BBSL1070915",
       "BBSL1070914","BBSL1070908","BBSL1070880","BBSL1070881",
       "BBSL1070887","BBSL1070913","BBSL1070922","BBSL1070916",
       "BBSL1070882","BBSL1070883","BBSL1070884","BBSL1070885",
       "BBSL1070886","BBSL1070939","BBSL1070944","BBSL1073107",
       "BBSL1070897","BBSL1070896","BBSL1070895","BBSL1070894",
       "BBSL1070893","BBSL1070892","BBSL1070891","BBSL1070898",
       "BBSL1072099","BBSL1085135","BBSL1074234","BBSL1074233",
       "BBSL1074286","BBSL1074276","BBSL1074245","BBSL1074250",
       "BBSL1073927","BBSL1072003","BBSL1074300","BBSL1072622",
       "BBSL1072623","BBSL1072628","BBSL1072629","BBSL1072631",
       "BBSL1072640","BBSL1072641","BBSL1073062","BBSL1073064",
       "BBSL1073075","BBSL1072610","BBSL1072589","BBSL1072590",
       "BBSL1070962","BBSL1070961", "BBSL1070963", "BBSL1070964",
       "BBSL1070960", "BBSL1070940", "BBSL1070941", "BBSL1070942",
       "BBSL1073076", "BBSL1073065", "BBSL1070859", "BBSL1070860",
       "BBSL1070861", "BBSL1070853", "BBSL1070854", "BBSL1070877",
       "BBSL1070878", "BBSL1070879", "BBSL1086947", "BBSL1086954",
       "BBSL1087216", "BBSL1087215", "BBSL1087193", "BBSL1086962",
       "BBSL1087006", "BBSL1086999", "BBSL1087180", "BBSL1087186",
       "BBSL1087179", "BBSL1087010", "BBSL1085201", "BBSL1084589",
       "BBSL1084980", "BBSL1084892", "BBSL1072851", "BBSL1084972",
       "BBSL1084973", "BBSL1084466", "BBSL1084497", "BBSL1084586",
       "BBSL1084585", "BBSL1084574", "BBSL1086058", "BBSL1084573",
       "BBSL1084567", "BBSL1084578", "BBSL1084561", "BBSL1084507",
       "BBSL1085923", "BBSL1084941", "BBSL1085075", "BBSL1086048",
       "BBSL1086029", "BBSL1086022", "BBSL1086037", "BBSL1086049",
       "BBSL1086033", "BBSL1086032", "BBSL1087012", "BBSL1085198",
       "BBSL1085917", "BBSL1085918", "BBSL1085916", "BBSL1085963",
       "BBSL1085964", "BBSL1085949", "BBSL1085950", "BBSL1070753",
       "BBSL1070754", "BBSL1070755", "BBSL1085655", "BBSL1085971",
       "BBSL1085978", "BBSL1085970", "BBSL1086562", "BBSL1087239",
       "BBSL1087237", "BBSL1087137", "BBSL1086008", "BBSL1085713",
       "BBSL1086007", "BBSL1086014", "BBSL1086001", "BBSL1086015",
       "BBSL1084925", "BBSL1084821", "BBSL1059907", "BBSL1059908",
       "BBSL1059003", "BBSL1058713", "BBSL1059350", "BBSL1059639",
       "BBSL1059607", "BBSL1059011", "BBSL1058890", "BBSL1058941",
       "BBSL1058979", "BBSL1059990", "BBSL1058801", "BBSL1059802",
       "BBSL1059733", "BBSL1059732", "BBSL1059734", "BBSL1059743",
       "BBSL1059531", "BBSL1059491", "BBSL1059490", "BBSL1059489",
       "BBSL1059488", "BBSL1059487", "BBSL1059486", "BBSL1059484",
       "BBSL1059476", "BBSL1059959", "BBSL1059944", "BBSL1059943",
       "BBSL1059942", "BBSL1059932", "BBSL1058645", "BBSL1058660",
       "BBSL1058646", "BBSL1058684")),

## ammophila 2017
ammophila= list(Genus="Ammophila", SubGenus ="",
                 Species="sp.", SubSpecies="a", Sex="",
                 Author = "",
                 Determiner="J. Schlauch", temp.id
                =c("BBSL1087079","BBSL1087213","BBSL1084508",
                   "BBSL1072006","BBSL1059832","BBSL1070654")),




## podalonia_robusta 2017

podalonia_robusta = list(Genus="Podalonia", SubGenus ="",
                         Species="robusta", SubSpecies="",
                         Sex="f",
                         Author = "Cresson",
                         Determiner="J. Schlauch",
                         temp.id=c("BBSL1072630","BBSL1059009")),


Philanthus = list(Genus="Philanthus", SubGenus ="",
       Species="ventilubril",
       SubSpecies="", Sex="f",
                 Author = "",
                Determiner="L.C. Ponisio",
       temp.id =c("BBSL1084522")),

Crabro = list(Genus="Crabro", SubGenus ="",
       Species="sp.",
       SubSpecies="b", Sex="f",
                 Author = "",
                Determiner="L.C. Ponisio",
       temp.id =c("BBSL1073475"
                  )),

Bembix = list(Genus="Bembix", SubGenus ="",
       Species="sp.",
       SubSpecies="b", Sex="f",
                 Author = "",
                Determiner="L.C. Ponisio",
       temp.id =c("BBSL1084373"
                  )),