Colias_eurytheme = "PL_080912_405"
"PL_081012_325"
"JC_071512_6"
"PL_0812112_279"


Hesperia_pahaska= "PL_081212_230", "PL_080912_370","PL_081112_257","PL_081112_253B"

Hesperia_comma =  "PL_080912_374", "PL_080912_385", "PL_080912_422", "PL_080912_371B"

Vanessa_cardui <- "JC_071612_2", "MM_080212_324", "MM_080412_246", "CH_082012_187", "MM_073112_130"

vanessa_analbella = c("MM_073112_128"),


Speyeria_atlantis = c("SC_072612_284","PL_080912_349","PL_080912_350","PL_081012_331","PL_081312_225","PL_081012_343","PL_080912_390","PL_080912_354","PL_080912_389","PL_080912_402","PL_080912_404","PL_080912_376","PL_081112_276","PL_081312_272","PL_081312_282","PL_081312_283","PL_081312_226","JC_071712_1","SC_072612_282","PL_081012_332","PL_081012_340","PL_081212_301","PL_081212_308","PL_081312_230","PL_081112_265","PL_081012_315","PL_080912_377","PL_080912_382","PL_081012_317","PL_081012_319","PL_081012_316","PL_081012_337","PL_080912_408","PL_080912_409","PL_080912_407","PL_080912_399","PL_080912_403"),

Limenitis_bredowii = c("CH_081812_20","CH_082012_192","CH_082012_163","CH_082012_164","CH_082112_184","CH_082012_195"),


Hemigarus_isola  = c(
"SC_072812_106",
"SC_072912_122",
"PL_081312_241",
"MM_080212_321",
"MM_080412_248",
"PL_081312_242",
"MM_080212_339",
"JC_071712_3",
"CH_082212_90",
"MM_080212_330",
"MM_080212_329",
"CH_082212_91",
"CH_082012_191",
"SC_072912_120",
"CH_082012_199",
"CH_082212_92",
"SC_072912_121",
"SC_072312_298",
"SC_072812_108",
"CH_082012_190",
"MM_080112_248",
"MM_080112_242",
"MM_080212_326",
"MM_080312_212",
"MM_080212_340",
"PL_080912_394",
"CH_082112_209",
"CH_082112_206",
"CH_082112_208",
"PL_080912_413",
"CH_082112_210",
"JC_071712_185",
"PL_080912_412",
"CH_082112_204",
"PL_081112_263",
"CH_082212_89",
"CH_082112_211",
"CH_082112_213",
"PL_081112_264",
"CH_082112_205"),

Garisma_ganita <-c(
"MM_080112_245",
"MM_080112_246",
"MM_080112_247",
"MM_080312_214",
"MM_080312_215",
"MM_080312_216",
"MM_080312_217",
"MM_080412_252",
"MM_073112_127",
"JC_071712_5",
"JC_071712_181",
"JC_071612_58",
"JC_071212_124",
"JC_071712_22",
"JC_071212_125",
"JC_071712_29",
"JC_071512_174",
"JC_071612_139",
"JC_071612_142"),

Hemigarus_ceraunus <-c("CH_082112_207")

Celastrina_argiolus_sp_ladon = c("PL_081212_289")

Polygonia = c("MM_073112_122")

Polites_draco = c("JC_071612_143"),

Texola_elada = c("PL081112_269"),

Atrytonopsis_sp1 =c("JC_071412_29"),

Poanes_zabulon_taxiles = c("CH_082212_39")

Epargyreus_clarus = c("PL_081112_256","PL_081112_255")

Tltopybes_pylades =c("PL_081112_105",
"PL_080912_355",
"PL_080912_392",
"PL_081112_104",
"PL_081212_235")

Acltalarus_casica = c("PL_081312_285",
"PL_081312_244",
"PL_081312_277",
"PL_081212_235")

Leptotes_marina =c("PL_081112_253"

Hyles_lineata = c("PL_081212_254","CH_082012_182B")

Euptoierta_claudia = c("CH_082012_185","CH_082012_182")


