
sp.ids <- list(

  bustamente = list(genus="Ancistrocerus", subgenus ="",
    species="bustamente", subspecies="", sex="", author = "Saussure",
    temp.id
    =c("SC_072112_61","MM_080212_161","MM_080212_195","SC_072612_106",
    "SC_072312_269", "SC_072312_260", "SC_072612_109","CH_082112_52",
    "SC_072712_46", "SC_072712_44", "SC_072612_122", "SC_072012_121",
    "MM_080312_150", "SC_072312_288", "SC_072112_122",
    "SC_072112_103", "SC_072712_132", "SC_072012_138",
    "SC_072612_123", "SC_072112_62", "SC_072912_2", "SC_072712_47",
    "SC_072712_45", "SC_072012_94","SC_072012_93", "SC_072012_92",
    "SC_072712_73", "SC_072012_99", "SC_072612_22", "SC_072612_118",
    "SC_072612_168", "SC_072712_195", "SC_072812_81", "SC_072612_24",
    "SC_072612_159", "SC_072612_167","SC_072712_129", "SC_072812_8",
    "MM_080312_197", "SC_072812_86", "MM_080312_198", "SC_072612_23",
    "SC_072312_168", "SC_072612_165", "SC_072712_125", "SC_072812_9",
    "SC_072812_89", "MM_080312_199", "SC_072612_107", "SC_072612_106",
    "SC_072612_116", "SC_072312_172", "SC_072612_163",
    "SC_072712_128", "SC_072712_172", "SC_072812_135",
    "SC_072712_202", "MM_080312_113", "SC_072612_117",
    "SC_072612_162", "SC_072712_52", "SC_072712_133", "SC_072912_90",
    "SC_072312_264", "SC_072612_110", "SC_072612_120","SC_072312_190",
    "SC_072712_200", "SC_072812_136", "SC_072812_140", "SC_072912_45",
    "SC_072912_114", "SC_072912_71", "SC_072912_105", "PL_081312_68",
    "SC_072812_149", "SC_072612_2", "SC_072312_259", "SC_072912_87",
    "SC_072912_86", "SC_072912_89", "SC_072912_84", "SC_072912_76",
    "MM_080112_225", "MM_080412_216", "SC_072012_186", "SC_072112_14",
    "SC_072012_262", "SC_072312_227", "SC_072012_137", "SC_072012_87",
    "SC_072012_88", "MM_080312_81", "MM_080212_101", "SC_072312_4",
    "SC_072112_60", "SC_072012_80", "SC_072312_290", "MM_080212_163",
    "MM_080312_80", "SC_072112_59", "SC_072112_101", "SC_072312_280",
    "SC_072312_293", "SC_072712_42", "SC_072712_41", "SC_072712_76",
    "SC_072312_265", "SC_072312_297", "SC_072112_48", "SC_072312_263",
    "SC_072312_286", "SC_072312_257", "MM_080212_209", "SC_072012_79",
    "MM_073112_48", "SC_072312_291", "SC_072312_277", "SC_072012_78",
    "SC_072012_284", "MM_080412_60", "SC_072112_102", "MM_080212_196",
    "SC_072312_255", "SC_072312_267", "SC_072312_189", "SC_072012_77",
    "SC_072712_149", "SC_072612_132", "SC_072012_184", "SC_072312_5",
    "SC_072612_170", "SC_072712_201", "SC_072712_197",
    "SC_072712_135", "MM_080112_128", "SC_072312_6", "SC_072612_119",
    "SC_072712_244", "SC_072712_196", "SC_072112_49", "SC_072812_70",
    "SC_072812_157", "MM_080212_275", "SC_072312_191", "SC_072312_68",
    "SC_072712_193", "SC_072312_69", "SC_072012_185", "SC_072112_51",
    "SC_072112_104", "SC_072012_114", "SC_072712_131", "SC_072812_12",
    "MM_080112_192", "SC_072012_261", "SC_072112_139", "SC_072012_43",
    "SC_072112_26", "CH_082112_169", "SC_072012_181", "SC_072812_182",
    "CH_082012_83", "SC_072812_11", "SC_072112_20", "SC_072112_64",
    "SC_072112_63", "SC_072112_105", "SC_072112_138", "SC_072312_289",
    "SC_072112_50", "SC_072612_121", "SC_072712_74", "SC_072012_151",
    "SC_072712_186", "SC_072012_183", "SC_072112_16", "SC_072812_14",
    "SC_072312_262", "SC_072312_261", "SC_072612_12", "SC_072812_199",
    "SC_072812_71", "SC_072712_134", "CH_082112_169")),

  catskill = list(genus="Ancistrocerus", subgenus ="",
    species="catskill", subspecies="", sex="", author = "Saussure",
    temp.id =c("JC_071612_122", "SC_072812_17", "SC_072012_199",
    "SC_072012_90", "SC_072112_66", "SC_072312_256", "PL_080912_112",
    "SC_072612_1", "SC_072012_95", "SC_072012_96", "SC_072012_98",
    "SC_072012_136", "SC_072312_19", "SC_072712_240", "SC_072712_245",
    "SC_072312_167", "SC_072612_207", "SC_072312_266",
    "SC_072312_296", "SC_072012_76", "SC_072612_129",
    "SC_072912_75")),

  spilogaster = list(genus="Ancistrocerus", subgenus ="",
                   species="spilogaster", subspecies="", sex="",
                   author = "Cameron", temp.id =c("SC_072712_130",
                   "SC_072712_43")),

  lineativentris = list(genus="Ancistrocerus", subgenus ="",
          species="lineativentris", subspecies="", sex="", author =
          "Cameron", temp.id=c("PL_081312_105")),

  adiabatus = list(genus="Ancistrocerus", subgenus ="",
          species="adiabatus", subspecies="", sex="", author =
          "Saussure", temp.id =c("SC_072912_32", "SC_072012_285",
          "SC_072312_193", "SC_072312_258", "MM_073112_111",
          "SC_072612_268")),

  tuberculocephalus = list(genus="Ancistrocerus", subgenus ="",
          species="tuberculocephalus", subspecies="", sex="", author =
          "Saussure", temp.id=c("CH_082112_17", "CH_082012_150",
          "SC_072312_70", "PL_081112_32", "PL_081312_132")),

  
  antilope = list(genus="Ancistrocerus", subgenus ="",
          species="antilope", subspecies="", sex="", author =
          "Panzer", temp.id =c("PL_081012_49", "PL_080912_110",
          "SC_072312_23", "SC_072612_14")),

   bollii = list(genus="Eumenes", subgenus ="", species="bollii",
          subspecies="", sex="", author = "Cresson", temp.id
          =c("CH_082012_144")),

   arenaria = list(genus="Dolichovespula", subgenus ="",
          species="arenaria", subspecies="", sex="f", author =
          "Fabricius", temp.id =c("JC_071612_22")),

   hidalgo = list(genus="Euodynerus", subgenus ="", species="hidalgo",
          subspecies="", sex="", author = "Saussure", temp.id
          =c("CH_082112_165")),

   annulatus = list(genus="Euodynerus", subgenus ="",
          species="annulatus", subspecies="", sex="", author = "Say",
          temp.id =c("PL_081312_141")),

   herrichii = list(genus="Pseudepipona", subgenus ="",
          species="herrichii", subspecies="aldrichi", sex="", author =
          "Fox", temp.id =c("JC_071512_21")),

   toas = list(genus="Stenodynerus", subgenus ="", species="toas",
          subspecies="", sex="", author = "Cresson", temp.id
          =c("PL_081312_106", "JC_071612_109", "JC_071712_106",
          "JC_071512_135", "JC_071712_50")) )


## ############## read in data and match temp.ids ###################

## lengths <- sapply(sp.ids, function(x) length(x$temp.id))
## Genus <- sapply(sp.ids, function(x) x$genus)
## SubGenus <- sapply(sp.ids, function(x) x$subgenus)
## Species <- sapply(sp.ids, function(x) x$species)
## SubSpecies <- sapply(sp.ids, function(x) x$subspecies)
## Sex <- sapply(sp.ids, function(x) x$sex)
## TempID <- sapply(sp.ids, function(x) x$temp.id)

## dd <- data.frame(TempID=unlist(TempID),
##                  Genus=rep(Genus, lengths),
##                  SubGenus=rep(SubGenus, lengths),
##                  Species=rep(Species, lengths),
##                  SubSpecies=rep(SubSpecies, lengths),
##                  Sex=rep(Sex, lengths))

## ## lood data:
## D <- read.csv(file=newfile, as.is=TRUE)


## ind <- match(dd$TempID, D$temp.id)
## D$order[ind] <- 'Hymenoptera'
## D$family[ind] <- 'Vespidae'
## D$genus[ind] <- as.character(dd$Genus)
## D$subgenus[ind] <- as.character(dd$SubGenus)
## D$species[ind] <- as.character(dd$Species)
## D$subspecies[ind] <- as.character(dd$SubSpecies)
## D$sex[ind] <- as.character(dd$Sex)
## D$determiner[ind] <- 'J.M. Carpenter'
## D$dateDetermined[ind] <- '2013'

## write.csv(D, file=newfile, row.names=FALSE)
