
sp.ids <- list(

  Anthidium_maculosum= list(Genus="Anthidium",
    SubGenus ="Anthidium", Species="maculosum",
    SubSpecies="", Sex="", Author = "Cresson",
    Determiner="J.S. Ascher",
    temp.id= c("MM_080212_166", "MM_080212_198", "MM_080112_16")),

  Megachile_frigida_f = list(Genus="Megachile", SubGenus ="Xanthosarus",
    Species="frigida", SubSpecies="", Sex="f", Author = "Smith",
    Determiner="T. Griswold",
    temp.id=  c("PL_080912_154", "MM_080112_214",
      "PL_081012_80", "PL_081012_11",  "PL_081012_81", "PL_081112_81", "PL_081112_129", "PL_081112_176", "PL_081012_249", "PL_080912_114", "PL_081212_9", "PL_081212_122", "PL_081112_151", "PL_081212_141", "PL_081112_80", "PL_081212_142", "PL_081312_165", "MM_080212_304", "PL_081212_41", "PL_081312_29", "PL_081312_136", "PL_081212_11", "PL_081312_147", "PL_081212_10", "PL_081212_121", "JC_071612_112", "JC_071712_113", "JC_071212_32", "JC_071712_156", "JC_071212_76", "JC_071612_98", "JC_071712_110", "JC_071712_155", "MM_080212_181")),
      
      
        Megachile_frigida_m = list(Genus="Megachile", SubGenus ="Xanthosarus",
    Species="frigida", SubSpecies="", Sex="m", Author = "Smith",
    Determiner="T. Griswold",
    temp.id=  c("MM_073112_2","JC_071512_156", "JC_071612_89",
      "JC_071612_26")),
      
      

   Megachile_relativa = list(Genus="Megachile",
    SubGenus ="Megachile", Species="relativa",
    SubSpecies="", Sex="f", Author = "Cresson",
    Determiner="J.S. Ascher", temp.id= c("JC_071712_60", "JC_071712_160")),

  Megachile_policaris = list(Genus="Megachile",
    SubGenus ="Sayapis", Species="policaris",
    SubSpecies="", Sex="m", Author = "Say",
    Determiner="J.S. Ascher", temp.id= c("PL_081312_95")),

   Megachile_inimica_sayi  = list(Genus="Megachile",
    SubGenus ="Sayapis", Species="inimica",
    SubSpecies="sayi", Sex="m", Author = "Cresson",
    Determiner="J.S. Ascher", temp.id= c("PL_081112_210")),

   Megachile_melanophaea = list(Genus="Megachile",
    SubGenus ="Xanthosarus", Species="melanophaea",
    SubSpecies="", Sex="f", Author = "Smith",
    Determiner="J.S. Ascher",
    temp.id= c("JC_071712_151", "JC_071612_92", "JC_071712_16",
    "JC_071512_157", "JC_071712_149", "JC_071512_125")),

   Megachile_fidelis = list(Genus="Megachile", SubGenus ="Sayapis",
    Species="fidelis", SubSpecies="", Sex="f", Author = "Cresson",
    Determiner="J.S. Ascher",
    temp.id= c("SC_072012_81", "SC_072112_151", "PL_081012_247")),

  Coelioxys_sodalis = list(Genus="Coelioxys",
    SubGenus ="Coelioxys", Species="sodalis",
    SubSpecies="", Sex="f", Author = "Cresson",
    Determiner="J.S. Ascher", temp.id= c("JC_071612_99")),
<<<<<<< HEAD

    Heriades_cressoni_f = list(Genus="Heriades",
                               SubGenus ="Neotrypetes",
                               Species="cressoni",
                               SubSpecies="", Sex="f",
                               Author = "Michener",
                               Determiner = "D. Yanega",
                               temp.id= c("JC_071712_119"))
=======
    
    Megachile_melanophaea_rohweri_f = list(Genus="Megachile",
                                           SubGenus ="Xanthosarus", Species="melanophaea",
                                           SubSpecies="rohweri",
                                           Sex="f", Author = "",
                                           Determiner = "T. Griswold",
                                           temp.id= c("JC_071712_114",
                                           "PL_081212_269",
                                           "MM_080412_100")
                                           
    Osmia_juxta_f = list(Genus="Osmia",
                         SubGenus ="Melanosmia", Species="juxta",
                         SubSpecies="", Sex="f",
                         Author = "Cresson", Determiner = "T. Griswold",
                         temp.id= c("JC_071212_75", "JC_071712_175"),
                         
    Megachile_comata_f = list(Genus="Megachile", SubGenus ="Xanthosarus",
                              Species="comata", SubSpecies="",
                              Sex="f",
                              Author = "Cresson", Determiner = "T. Griswold",
                              temp.id= c("MM_080312_193", "MM_080212_263", "SC_072712_163")),

>>>>>>> fa07efbd553019549f8d2b6b351654575c3da558


  )

