
sp.ids <- list(

    

    Pseudopanurgus_atricornis_m= list(Genus="Pseudopanurgus",
                                      SubGenus ="",
                                      Species="atricornis",
                                      SubSpecies="",
                                      Sex="m",
                                      Author =  "Cresson",
                                      Determiner="J.S. Ascher",
                                      temp.id= c("SC_072812_163",
                                                 "SC_072812_179",
                                                 "SC_072812_161",
                                                 "SC_072812_184",
                                                 "SC_072812_42",
                                                 "SC_072812_37",
                                                 "SC_072712_180",
                                                 "SC_072712_178",
                                                 "SC_072112_24",
                                                 "SC_072312_60",
                                                 "SC_072112_76",
                                                 "SC_072312_51",
                                                 "SC_072012_178",
                                                 "SC_072012_218",
                                                 "SC_072612_87",
                                                 "SC_072312_208",
                                                 "SC_072112_73",
                                                 "SC_072112_69",
                                                 "SC_072112_68",
                                                 "SC_072612_193",
                                                 "SC_072612_245",
                                                 "SC_072312_214",
                                                 "SC_072812_52",
                                                 "SC_072312_234",
                                                 "SC_072712_183",
                                                 "SC_072612_43",
                                                 "SC_072612_46",
                                                 "SC_072012_249",
                                                 "SC_072112_78",
                                                 "SC_072112_77",
                                                 "SC_072112_83",
                                                 "SC_072612_250",
                                                 "SC_072612_249",
                                                 "SC_072612_247",
                                                 "SC_072112_18",
                                                 "SC_072612_243",
                                                 "SC_072612_255",
                                                 "SC_072612_257",
                                                 "SC_072612_93",
                                                 "SC_072012_164",
                                                 "SC_072712_148",
                                                 "SC_072712_164",
                                                 "SC_072612_238",
                                                 "SC_072612_237",
                                                 "SC_072612_206",
                                                 "SC_072012_163",
                                                 "SC_072612_30",
                                                 "SC_072612_218",
                                                 "SC_072112_133",
                                                 "SC_072612_92",
                                                 "SC_072612_205",
                                                 "SC_072312_240",
                                                 "SC_072112_125",
                                                 "SC_072612_204",
                                                 "SC_072112_134",
                                                 "SC_072612_232",
                                                 "SC_072112_80",
                                                 "SC_072112_159",
                                                 "SC_072812_172",
                                                 "SC_072812_195",
                                                 "SC_072812_167",
                                                 "SC_072812_169",
                                                 "SC_072812_192",
                                                 "SC_072812_191",
                                                 "SC_072912_12",
                                                 "SC_072912_67",
                                                 "SC_072612_246",
                                                 "JC_071512_193",
                                                 "MM_080212_201",
                                                 "MM_073112_116",
                                                 "MM_073112_44",
                                                 "MM_080212_285",
                                                 "MM_080112_149",
                                                 "MM_080212_316",
                                                 "MM_080212_168",
                                                 "JC_071712_98")),