
sp.ids <- list(

    Melissodes_confusus= list(Genus="Melissodes",
                             SubGenus="Eumelissodes",
                             Species="confusus",
                             SubSpecies="", Sex="f",
                             Author = "Cresson",
                             Determiner="Karen Wright",
                             temp.id= c("PL_081312_3",
                                        "CH_081912_4",
                                        "PL_081012_6",
                                        "PL_081112_8",
                                        "PL_081312_8",
                                        "CH_081912_8",
                                        "JC_071212_9",
                                        "PL_081312_10",
                                        "PL_081212_13",
                                        "PL_081112_15",
                                        "CH_081912_16",
                                        "PL_081012_17",
                                        "PL_081212_17",
                                        "PL_081112_19",
                                        "PL_081112_20",
                                        "PL_081212_22",
                                        "CH_082012_22",
                                        "JC_071112_23",
                                        "CH_082012_25",
                                        "PL_081112_33",
                                        "PL_081212_33",
                                        "PL_081112_34",
                                        "PL_081212_34",
                                        "PL_081112_35",
                                        "PL_081212_35",
                                        "PL_081212_36",
                                        "SC_072112_37",
                                        "PL_081112_37",
                                        "JC_071712_43",
                                        "PL_081312_47",
                                        "CH_082212_47",
                                        "CH_082112_49",
                                        "PL_081312_51",
                                        "CH_082112_51",
                                        "CH_082012_54",
                                        "CH_082012_55",
                                        "CH_082212_66",
                                        "SC_072712_70",
                                        "CH_082112_71",
                                        "CH_082012_72",
                                        "PL_081112_76",
                                        "PL_081012_79",
                                        "CH_082212_80",
                                        "PL_081012_82",
                                        "CH_082212_82",
                                        "PL_081012_83",
                                        "CH_082212_83",
                                        "JC_071412_101",
                                        "CH_082112_106",
                                        "JC_071212_107",
                                        "CH_082112_115",
                                        "CH_082012_120",
                                        "PL_080912_122",
                                        "PL_080912_123",
                                        "CH_082012_133",
                                        "PL_081112_140",
                                        "PL_081112_142",
                                        "PL_081112_143",
                                        "PL_081112_144",
                                        "PL_081112_145",
                                        "PL_081112_148",
                                        "PL_081112_152",
                                        "CH_082112_155",
                                        "PL_081312_156",
                                        "PL_081312_157",
                                        "PL_081312_158",
                                        "CH_082112_158",
                                        "PL_081312_159",
                                        "PL_081212_162",
                                        "PL_081212_163",
                                        "PL_081212_164",
                                        "PL_081312_164",
                                        "PL_081212_166",
                                        "PL_081212_167",
                                        "PL_081212_168",
                                        "PL_081212_178",
                                        "PL_081212_179",
                                        "CH_082112_180",
                                        "SC_072712_212",
                                        "SC_072712_214",
                                        "SC_072712_215",
                                        "SC_072812_216",
                                        "PL_081012_219",
                                        "PL_081012_225",
                                        "PL_081012_226",
                                        "PL_081112_230",
                                        "PL_081012_246",
                                        "PL_080912_249",
                                        "SC_072012_250",
                                        "PL_081012_254",
                                        "PL_081012_256",
                                        "PL_081212_262",
                                        "PL_081212_264",
                                        "PL_081212_270",
                                        "PL_081312_295")),

    Melissodes_confusus_m= list(Genus="Melissodes",
                             SubGenus="Eumelissodes",
                             Species="confusus",
                             SubSpecies="", Sex="m",
                             Author = "Cresson",
                             Determiner="J.L. Neff",
                             temp.id= c("SC_072312_49","JC_071212_33","PL_081312_13","PL_081112_14",
                                        "JC_071412_41","PL_081012_84","JC_071412_124","PL_081012_222",
                                        "SC_072012_256","JC_071612_29","JC_071412_51")),
    
    Melissodes_coreopsis= list(Genus="Melissodes",
                               SubGenus="Eumelissodes",
                               Species="coreopsis",
                               SubSpecies="",
                               Sex="f", Author = "Robertson",
                               Determiner="Karen Wright",
                               temp.id= c("JC_071512_164")),

    Melissodes_gilensis= list(Genus="Melissodes",
                              SubGenus="Melissodes",
                              Species="gilensis", SubSpecies="", Sex="f",
                              Author = "Cockerell",
                              Determiner="Karen Wright",
                              temp.id= c("PL_081212_23")),

    Melissodes_grindeliae= list(Genus="Melissodes",
                                SubGenus="Eumelissodes",
                                Species="grindeliae", SubSpecies="",
                                Sex="f", Author = "Cockerell",
                                Determiner="Karen Wright",
                                temp.id= c("SC_072012_258",
                                           "SC_072612_258")),

    Melissodes_limbus= list(Genus="Melissodes",
                            SubGenus="Eumelissodes",
                            Species="limbus",
                            SubSpecies="",
                            Sex="f",
                            Author = "LaBerge",
                            Determiner="Karen Wright",
                            temp.id= c("PL_081312_195")),