
sp.ids <- list(
    Antrax_sp_b = list(Genus="Antrax",
                       SubGenus ="",
                       Species="sp.",
                       SubSpecies="b",
                       Sex="",
                       Author =  "",
                       Determiner="L. Ponisio",
                       temp.id= c("PL_081312_5"
                                  )),


    bombylius_sp_b = list(Genus="Bombylius",
                          SubGenus ="Bombylius",
                          Species="sp.",
                          SubSpecies="b",
                          Sex="",
                          Author =  "",
                          Determiner="L. Ponisio",
                          temp.id= c("JC_071712_68", "JC_071212_30",
                                     "JC_071712_80", "JC_071512_109",
                                     "JC_071212_122", "JC_071612_90",
                                     "JC_071412_19")),

    hemipenthes_sp =

    list(Genus="Hemipenthes", SubGenus ="", Species="sp.",
         SubSpecies="", Sex="", Author = "",
         Determiner="L. Ponisio",
         temp.id= c("CH_082012_142", "CH_082012_127", "CH_082012_200",
                    "CH_082012_63", "CH_082212_35",
                   # "CH_081712_107",
                    "CH_082012_132", "CH_082012_28",
                    "PL_081212_81", "PL_081012_168", "PL_081312_208",
                    "PL_081212_206", "PL_080912_260", "PL_081212_82",
                    "PL_081212_83", "PL_081112_92", "PL_081012_174",
                    "PL_081112_54", "PL_081112_24", "PL_081212_227",
                    "PL_081012_265", "PL_081012_266", "PL_081312_206",
                    "PL_081112_171", "PL_081112_164", "PL_081212_102",
                    "MM_080212_197", "MM_080212_154", "SC_072012_228",
                    "SC_072612_108", "JC_071512_111", "MM_080312_77",
                    "JC_071512_44", "JC_071612_33", "JC_071512_123",
                    "JC_071212_99", "JC_071212_110", "JC_071212_100",
                    "JC_071212_68", "JC_071212_59", "JC_071212_85",
                    "JC_071212_109", "JC_071712_77", "JC_071712_88",
                    "JC_071412_72", "JC_071712_87", "JC_071612_93",
                    "JC_071712_134", "JC_071512_177", "JC_071712_42",
                    "JC_071612_60", "PL_080912_256", "PL_081012_170",
                    "PL_081012_169", "PL_080912_169", "PL_080912_275",
                    "PL_080912_258", "PL_080912_262", "PL_081012_134",
                    "JC_071212_54")),

    villa_sp_b = list(Genus="Villa",
                      SubGenus ="",
                      Species="sp.",
                      SubSpecies="b",
                      Sex="",
                      Author =  "",
                      Determiner="L. Ponisio",
                      temp.id= c("PL_081312_37", "PL_081112_224",
                                 "PL_081212_271", "PL_081312_38",
                                 "PL_081312_39", "PL_081212_171",
                                 "PL_081212_49", "SC_072012_73",
                                 "SC_072612_211", "SC_072312_50",
                                 "SC_072012_82", "SC_072812_160",
                                 "SC_072012_244", "SC_072612_52",
                                 "SC_072312_222", "SC_072612_214",
                                 "SC_072012_233", "SC_072612_49",
                                 "SC_072312_59", "SC_072012_106",
                                 "SC_072012_170", "SC_072612_82",
                                 "SC_072012_259", "SC_072612_225",
                                 "SC_072612_210", "SC_072012_295",
                                 "SC_072612_94", "SC_072612_196",
                                 "SC_072712_23", "SC_072712_3",
                                 "SC_072612_86", "SC_072712_34",
                                 "SC_072712_12", "SC_072712_136",
                                 "SC_072712_137", "SC_072712_19",
                                 "SC_072712_152", "SC_072712_4",
                                 "SC_072712_144", "SC_072712_32",
                                 "SC_072012_297", "SC_072812_28",
                                 "SC_072812_55", "SC_072912_7",
                                 "SC_072912_99", "SC_072912_17",
                                 "JC_071712_171", "JC_071512_137",
                                 "SC_072812_21", "JC_071512_38",
                                 "SC_072812_18", "SC_072812_40",
                                 "JC_071412_121", "JC_071512_141",
                                 "PL_080912_40", "PL_080912_39",
                                 "PL_080912_36", "PL_080912_38",
                                 "JC_071712_36", "JC_071712_70",
                                 "JC_071512_40", "JC_071512_39",
                                 "JC_071612_115", "JC_071712_17",
                                 "JC_071712_45", "JC_071712_96",
                                 "JC_071712_55", "JC_071712_66",
                                 "JC_071512_41", "JC_071712_52",
                                 "JC_071612_91", "JC_071612_17",
                                 "JC_071612_46", "JC_071612_37",
                                 "JC_071612_62", "JC_071712_126",
                                 "JC_071612_102", "JC_071612_101",
                                 "JC_071412_119", "JC_071212_12",
                                 "JC_071212_48", "JC_071212_61",
                                 "JC_071212_22", "JC_071212_66",
                                 "JC_071212_62", "JC_071212_29",
                                 "PL_080912_38", "SC_072012_245",
                                 "JC_071212_34", "PL_080912_37",
                                 "PL_081012_35")),

    exoprosopa_sp = list(Genus="Exoprosopa",
                         SubGenus ="",
                         Species="sp.",
                         SubSpecies="a",
                         Sex="",
                         Author =  "",
                         Determiner="L. Ponisio",
                         temp.id= c("CH_082212_63" ,"PL_081312_139",
                                    "PL_081212_199", "PL_081212_4",
                                    "PL_081112_47", "PL_081312_221",
                                    "PL_081212_3", "PL_081212_200",
                                    "PL_081212_5", "PL_081212_6",
                                    "PL_081312_138", "PL_081112_199",
                                    "MM_080212_242", "PL_081312_109",
                                    "PL_081312_110", "MM_073112_49",
                                    "MM_080212_306", "MM_080212_191",
                                    "MM_080312_62", "MM_080112_11",
                                    "MM_073112_36", "PL_081312_137",
                                    "MM_080312_102", "MM_080412_169",
                                    "MM_080312_93", "MM_080412_19",
                                    "MM_080312_2", "MM_080412_105",
                                    "MM_080312_125", "MM_080412_11",
                                    "MM_080312_155", "MM_080212_106",
                                    "PL_081012_96", "PL_081012_98",
                                    "PL_080912_300", "MM_080312_162",
                                    "MM_080312_156", "PL_080912_301",
                                    "PL_081012_100", "PL_081012_97",
                                    "PL_081012_94", "PL_081012_99",
                                    "PL_081212_7")),