
sp.ids <- list(

  Vanessa_cardui = list(Genus = "Vanessa", SubGenus="", Species =
    "cardui", SubSpecies = "", Sex = "", Author = "Linnaeus", Family =
    "Nymphalidae", Determiner="L.Ponisio", temp.id = c("JC_071612_2", "MM_080212_324",
    "PL_080912_353", "PL_081212_281", "PL_081112_283",
    "PL_081212_300", "PL_081112_266", "PL_081112_261",
    "PL_081112_262", "PL_081112_282", "PL_081112_284",
    "PL_081112_287", "PL_081212_299", "PL_081112_284B",
    "PL_081112_283B", "PL_081212_284", "PL_081012_5", "PL_080912_395",
    "PL_080912_397", "PL_081012_3", "MM_073112_125", "MM_073112_124",
    "MM_080212_224", "MM_073112_123", "MM_073112_130",
    "MM_080212_325", "MM_080412_250", "MM_080112_240",
    "PL_081312_291", "CH_082012_184", "PL_081312_280",
    "CH_082012_183", "PL_081312_228", "PL_080912_371",
    "PL_080912_410", "PL_080912_378", "PL_080912_396",
    "CH_082012_194", "PL_080912_351", "CH_082012_188",
    "MM_080312_211", "MM_080212_333", "MM_080212_332",
    "MM_080212_338", "MM_080412_246", "PL_081012_318",
    "PL_081312_290", "PL_081312_239", "PL_081012_338", "CH_081812_21",
    "PL_081312_294", "PL_081012_341", "CH_082012_187",
    "PL_081312_292", "PL_081012_4", "PL_080912_398", "PL_081312_234",
    "PL_081312_235", "PL_081012_323", "PL_081012_321",
    "PL_081012_322", "PL_080912_427", "PL_081312_227",
    "PL_081312_286", "PL_081312_284", "PL_081012_342",
    "MM_080112_126B", "PL_081012_329", "MM_080112_249",
    "PL_081012_330", "PL_081012_326", "PL_081012_328",
    "PL_081012_327", "PL_081112_260", "PL_081312_232",
    "PL_081212_305", "JC_071612_6", "PL_081212_282", "PL_081212_283",
    "PL_081112_258", "JC_071412_23", "PL_081312_233", "PL_081112_259",
    "PL_081212_310", "CH_082012_193", "CH_082112_188",
    "PL_081112_257B", "CH_082112_203", "CH_081912_18",
    "CH_082112_198", "PL_081212_303B", "PL_081212_303C",
    "PL_081312_281", "PL_081312_289", "PL_081312_293")),

  Battus_philenor = list(Genus = "Battus", SubGenus="", Species =
    "philenor", SubSpecies = "", Sex = "", Author = "Linnaeus", Family
    = "Papilionidae", Determiner="L.Ponisio", temp.id = c("PL_081212_307", "PL_081212_306",
    "PL_081212_278", "PL_081212_274", "PL_081312_223",
    "PL_081312_253", "PL_081312_224", "PL_081312_252",
    "PL_081312_222", "PL_081212_275", "PL_081112_252",
    "PL_081212_303", "PL_081212_304", "PL_081212_277")),

  Limenitis_bredowii = list(Genus = "Limenitis", SubGenus="", Species
    = "bredowii", SubSpecies = "", Sex = "", Author = "Butler", Family
    = "Nymphalidae", Determiner="L.Ponisio", temp.id = c("CH_081812_20", "CH_082012_192",
    "CH_082012_163", "CH_082012_164", "CH_082112_184",
    "CH_082012_195")),

  Colias_eurytheme = list(Genus = "Colias", SubGenus="", Species = "eurytheme",
    SubSpecies = "", Sex = "", Author = "Boisduval", Family =
    "Pieridae", Determiner="L.Ponisio", temp.id = c("SC_072712_265",
    "PL_081112_273", "PL_081112_267", "PL_081112_267B",
    "PL_081112_268", "PL_081212_288", "PL_081212_285",
    "PL_081112_288", "PL_081212_293", "PL_081212_292",
    "PL_081312_229", "CH_082112_189", "PL_080912_405",
    "PL_080912_384", "PL_080912_383", "PL_080912_391",
    "PL_080912_388", "PL_080912_381", "PL_080912_401",
    "PL_080912_400", "PL_080912_380", "PL_080912_411", "JC_071712_14",
    "PL_081212_294", "PL_081312_231", "PL_081112_278",
    "PL_081112_278B", "PL_081112_272", "PL_081112_275",
    "JC_071212_127", "PL_081112_277", "PL_081112_274",
    "PL_081212_291", "PL_081012_334", "CH_082112_199",
    "PL_081012_335", "CH_082112_186", "CH_082012_189",
    "CH_082112_187", "SC_072712_266", "SC_072712_268",
    "PL_081012_336", "PL_081012_325", "PL_081312_276",
    "MM_080212_335", "SC_072712_266", "SC_072712_263",
    "SC_072712_264", "SC_072612_283", "MM_080112_241",
    "MM_080212_331", "JC_071412_28", "JC_071612_9", "JC_071612_12",
    "JC_071212_129", "JC_071712_11", "JC_071612_152", "JC_071712_13",
    "JC_071612_10", "JC_071512_17", "JC_071212_126", "JC_071612_8",
    "JC_071512_9", "JC_071512_3", "JC_071612_3", "JC_071612_4",
    "JC_071712_6", "SC_072012_323", "JC_071512_16", "SC_072012_325",
    "PL_081012_333", "JC_071512_2", "JC_071512_18", "JC_071512_4",
    "JC_071612_11", "JC_071712_8", "JC_071612_5", "JC_071512_5",
    "SC_072012_327", "JC_071512_6", "SC_072712_267", "SC_072712_267B",
    "PL_081112_279")),

  Euptoierta_claudia = list(Genus = "Euptoierta", SubGenus="", Species
    = "claudia", SubSpecies = "", Sex = "", Author = "Cramer", Family
    = "Nymphalidae", Determiner="L.Ponisio", temp.id = c("CH_082012_185", "CH_082112_185",
    "PL_081312_278", "PL_081312_236", "PL_081012_320",
    "JC_071212_128", "PL_081212_279", "CH_082012_182",
    "PL_081312_287", "PL_081312_288", "PL_081312_238",
    "MM_080412_245", "PL_081212_290")),

  Vanessa_carye_annabella = list(Genus = "Vanessa", SubGenus="",
    Species = "carye", SubSpecies = "annabella", Sex = "", Author =
    "Field", Family = "Nymphalidae", Determiner="L.Ponisio", temp.id = c("PL_081212_309",
    "CH_082012_197", "PL_081112_289", "JC_071512_15",
    "MM_073112_128")),

  Vanessa_atlanta = list(Genus = "Vanessa", SubGenus="", Species =
    "atlanta", SubSpecies = "", Sex = "", Author = "Linnaeus", Family
    = "Nymphalidae", Determiner="L.Ponisio", temp.id = c("CH_082012_167")),

  Vanessa_virginiensis = list(Genus = "Vanessa", SubGenus="", Species =
    "virginiensis", SubSpecies = "", Sex = "", Author = "Drury",
    Family = "Nymphalidae", Determiner="L.Ponisio", temp.id =c("JC_071412_24",
    "CH_082112_201", "CH_082012_198")),

  Papilio_polyxenes = list(Genus = "Papilio", SubGenus="",Species =
    "polyxenes", SubSpecies = "", Sex = "", Author = "Fabricius",
    Family = "Papilionidae", Determiner="L.Ponisio", temp.id = c("PL_080912_352",
    "PL_081212_280", "PL_081112_271", "PL_081212_276",
    "CH_082212_88")),

  Pontia_protodice = list(Genus = "Pontia",  SubGenus="",Species = "protodice",
    SubSpecies = "", Sex = "", Author = "Boisduval & Leconte", Family
    = "Pieridae", Determiner="L.Ponisio", temp.id = c("JC_071612_13", "JC_071512_10",
    "JC_071412_27", "JC_071512_7", "JC_071512_8", "JC_071212_130",
    "JC_071412_26", "JC_071512_11", "JC_071612_153",
    "CH_082112_202")),

  Hesperia_pahaska = list(Genus = "Hesperia", SubGenus="",Species =
    "pahaska", SubSpecies = "", Sex = "", Author = "Leussler", Family
    = "Hesperiidae", Determiner="L.Ponisio", temp.id = c("PL_081012_314", "PL_081012_311",
    "PL_080912_363", "PL_080912_426", "PL_081012_312",
    "PL_081012_309", "PL_081112_111", "PL_081012_302",
    "PL_080912_365", "PL_081112_131", "PL_081012_304",
    "PL_080912_425", "PL_080912_423", "PL_081212_230",
    "PL_081112_133", "PL_080912_366", "PL_080912_420",
    "PL_080912_393", "PL_081112_114", "PL_081112_132",
    "PL_080912_370", "PL_081112_115", "PL_080912_367",
    "PL_081012_306", "PL_080912_368", "PL_080912_360",
    "PL_081112_257", "PL_081212_232", "PL_081212_250",
    "PL_081112_253B", "PL_081112_254", "PL_081112_285",
    "PL_081212_238", "PL_081212_237", "PL_081312_271",
    "PL_081312_270", "PL_081312_245", "PL_081312_247",
    "PL_081312_262", "PL_081312_263")),