
sp.ids <- list(

    Agapostemon_angelicus_f = list(Genus="Agapostemon", SubGenus ="Agapostemon",
                                   Species="angelicus", SubSpecies="", Sex="f",
                                   Author = "Cockerell",
                                   Determiner = "J.S. Ascher",
                                   temp.id= c("SC_072712_198",
                                              "SC_072812_56",
                                              "SC_072812_58",
                                              "SC_072812_54",
                                              "SC_072312_63",
                                              "SC_072312_230",
                                              "SC_072312_241",
                                              "SC_072712_57",
                                              "SC_072612_59",
                                              "SC_072312_249",
                                              "SC_072812_84",
                                              "SC_072812_76",
                                              "SC_072112_123",
                                              "SC_072312_39",
                                              "SC_072312_7",
                                              "SC_072712_37",
                                              "SC_072612_201",
                                              "SC_072112_142",
                                              "SC_072712_139",
                                              "SC_072712_54",
                                              "SC_072712_56",
                                              "SC_072012_291",
                                              "SC_072712_64",
                                              "SC_072712_138",
                                              "SC_072012_232",
                                              "SC_072012_248",
                                              "SC_072012_282",
                                              "SC_072012_255",
                                              "SC_072712_22",
                                              "SC_072012_238",
                                              "SC_072012_230",
                                              "SC_072612_60",
                                              "SC_072612_99",
                                              "SC_072012_237",
                                              "SC_072312_300",
                                              "SC_072612_13",
                                              "SC_072012_123",
                                              "SC_072712_115",
                                              "SC_072112_157",
                                              "SC_072012_105",
                                              "SC_072012_153",
                                              "SC_072012_187",
                                              "SC_072312_299",
                                              "SC_072012_209",
                                              "JC_071612_113",
                                              "JC_071612_82",
                                              "JC_071712_107",
                                              "JC_071612_69",
                                              "JC_071212_64",
                                              "JC_071212_72",
                                              "JC_071112_21",
                                              "SC_072712_60",
                                              "SC_072712_256",
                                              "SC_072712_257",
                                              "SC_072712_259",
                                              "SC_072812_176",
                                              "PL_081112_221",
                                              "PL_081212_55",
                                              "PL_081312_161",
                                              "CH_082012_116",
                                              #added by HBL 2/13/23
                                              "JC_071212_38")),

                                        # "JC_071212_38" duplicated with bombus ruf, but is supposed to be in halictidae box under Agapostemon_angelicus_f

    Agapostemon_angelicus_m = list(Genus="Agapostemon", SubGenus ="Agapostemon",
                                   Species="angelicus", SubSpecies="",
                                   Sex="m", Author = "Cockerell",
                                   Determiner = "J.S. Ascher",
                                   temp.id= c("SC_072812_47",
                                              "SC_072112_36",
                                              "SC_072312_225",
                                              "SC_072712_116",
                                              "SC_072312_64",
                                              "JC_071212_49",
                                              "JC_071212_74",
                                              "JC_071412_61",
                                              "SC_072012_239",
                                              "SC_072612_281",
                                              "SC_072712_96",
                                              "JC_071412_122",
                                              "SC_072312_243",
                                              "SC_072112_38",
                                              "SC_072612_78",
                                              "SC_072712_27",
                                              "JC_071712_108",
                                              "JC_071712_74",
                                              "JC_071712_65",
                                              "JC_071512_144",
                                              "SC_072612_32",
                                              "SC_072312_245",
                                              "SC_072012_180",
                                              "SC_072012_210",
                                              "SC_072612_62",
                                              "SC_072012_235",
                                              "SC_072612_51",
                                              "JC_071112_9",
                                              "JC_071112_1",
                                              "JC_071412_153",
                                              "MM_080312_28",
                                              "JC_071612_103",
                                              "MM_080312_29",
                                              "JC_071612_66",
                                              "JC_071412_47",
                                              "SC_072812_129",
                                              "SC_072812_162")),

    Dieunomia_nevadensis_f= list(Genus="Dieunomia", SubGenus ="Epinomia",
                                 Species="nevadensis",
                                 SubSpecies="arizonensis",
                                 Sex="f", Author =   "Cockerell",
                                 Determiner = "J.S. Ascher",
                                 temp.id= c("CH_082012_128")),

    Dieunomia_nevadensis_m = list(Genus="Dieunomia", SubGenus ="Epinomia",
                                  Species="nevadensis",
                                  SubSpecies="arizonensis", Sex="m",
                                  Author =  "Cockerell",
                                  Determiner = "J.S. Ascher",
                                  temp.id=c("PL_081312_76")),