
sp.ids <- list(

    hammerschmidtia_f = list(Genus="hammerschmidtia", SubGenus="",
                             Species="rufa", SubSpecies="", Sex="f", Author = "",
                             Determiner="M.Hauser",
                             temp.id= c("JC_071712_41")),

    Copestylum_avidum = list(Genus="Copestylum",
                             SubGenus="",
                             Species="avidum",
                             SubSpecies="",
                             Sex="",
                             Author = "Sacken",
                             Determiner="M.Hauser",
                             temp.id= c("MM_073112_104",
                                        "MM_080112_84",
                                        "MM_080112_115",
                                        "MM_080112_156",
                                        "MM_080112_185",
                                        "MM_080112_172",
                                        "MM_080112_14",
                                        "MM_080112_210",
                                        "MM_080112_163",
                                        "MM_080112_90",
                                        "MM_080112_190",
                                        "MM_080112_186",
                                        "MM_080112_168",
                                        "MM_080112_212",
                                        "MM_073112_33",
                                        "MM_080112_238",
                                        "MM_080112_26",
                                        "MM_073112_72",
                                        "MM_073112_119",
                                        "MM_073112_34",
                                        "MM_080112_188",
                                        "MM_073112_45",
                                        "MM_080312_63",
                                        "MM_073112_31",
                                        "MM_073112_103",
                                        "MM_073112_35",
                                        "MM_080212_45",
                                        "MM_080312_50",
                                        "MM_080312_39",
                                        "MM_080212_280",
                                        "PL_081312_197",
                                        "MM_080312_53",
                                        "PL_081312_200",
                                        "PL_081312_202",
                                        "PL_081012_395",
                                        "PL_081212_173",
                                        "PL_081212_57",
                                        "PL_081312_41",
                                        "PL_081212_172",
                                        "MM_080412_198",
                                        "MM_080412_197",
                                        "MM_080212_153",
                                        "MM_080212_103",
                                        "MM_080212_170",
                                        "MM_080212_225",
                                        "MM_080412_67",
                                        "MM_080412_157",
                                        "MM_080412_154",
                                        "MM_080412_167",
                                        "MM_080412_164",
                                        "MM_080212_229",
                                        "MM_080412_126",
                                        "MM_080412_85",
                                        "MM_080412_33",
                                        "MM_080412_83",
                                        "MM_080412_84",
                                        "MM_080312_89",
                                        "MM_080412_68",
                                        "MM_080412_80",
                                        "MM_080312_192",
                                        "MM_080212_318",
                                        "MM_080312_194",
                                        "MM_080312_179",
                                        "MM_080312_180",
                                        "MM_080312_109",
                                        "MM_080312_87",
                                        "MM_080312_114",
                                        "MM_080312_157",
                                        "MM_080312_115",
                                        "MM_080312_85",
                                        "MM_080312_90",
                                        "MM_080312_86",
                                        "MM_080312_92",
                                        "SC_072912_101",
                                        "MM_080312_195",
                                        "SC_072812_130",
                                        "SC_072812_173",
                                        "SC_072812_156",
                                        "SC_072912_6",
                                        "SC_072912_95",
                                        "SC_072912_14",
                                        "SC_072612_212",
                                        "SC_072812_79",
                                        "SC_072812_87",
                                        "SC_072812_69",
                                        "SC_072912_20",
                                        "SC_072812_193",
                                        "SC_072912_10",
                                        "SC_072912_66",
                                        "SC_072812_22",
                                        "SC_072712_216",
                                        "SC_072912_97",
                                        "SC_072812_46",
                                        "SC_072712_15",
                                        "SC_072712_154",
                                        "SC_072712_1",
                                        "SC_072312_211",
                                        "SC_072612_90",
                                        "SC_072812_59",
                                        "SC_072312_210",
                                        "SC_072012_246",
                                        "SC_072112_128",
                                        "SC_072112_32",
                                        "SC_072612_27",
                                        "SC_072612_216",
                                        "SC_072612_45",
                                        "SC_072112_129",
                                        "SC_072312_213",
                                        "SC_072112_137",
                                        "SC_072612_171",
                                        "SC_072112_43",
                                        "SC_072612_186",
                                        "SC_072012_165",
                                        "SC_072012_216",
                                        "SC_072012_204",
                                        "SC_072012_224",
                                        "SC_072612_105",
                                        "SC_072612_192",
                                        "SC_072012_225",
                                        "SC_072112_127",
                                        "SC_072612_79",
                                        "SC_072712_146",
                                        "SC_072712_150",
                                        "SC_072612_76",
                                        "SC_072712_10",
                                        "SC_072712_159",
                                        "PL_081012_104",
                                        "SC_072712_155",
                                        "SC_072312_53",
                                        "SC_072312_62",
