  
misc.wasps <- list(
  
  chysididae_sp1 =c("SC_072712_65",
    "SC_072112_155",
    "SC_072312_2",
    "SC_072612_77",
    "MM_080212_100"),
    
  chalcidae_sp1 =c("JC_071212_118"),

  Pteromalidae_sp1 =c("SC_072312_253")
  
  unknownwasp_sp1 =c("SC_072312_254",
"SC_072112_109")
  )