
ant.morpho <- list(
  Formicidae_sp1 =c( "SC_072312_235",
    "SC_072312_292",
    "SC_072312_236"),

  Formicidae_sp2 =c("JC_071612_38",
    "JC_071412_13")
)