hummingbirds <- list(

  Selasphorus_platycercus = c("JC_71212_1001", "JC_71412_1002",
    "JC_71412_1003", "JC_71412_1004", "JC_71412_1005", "JC_71412_1006",
    "JC_71412_1007", "JC_71512_1008", "JC_71512_1009", "JC_71512_1010",
    "JC_71512_1011", "JC_71512_1012", "JC_71512_1013", "JC_71612_1014",
    "JC_71612_1015", "JC_71612_1016", "JC_71612_1017", "JC_71612_1018",
    "JC_71612_1019", "JC_71712_1020", "JC_71712_1021", "JC_71712_1022",
    "JC_71712_1023", "JC_71712_1024", "JC_71712_1025", "SC_72012_1026",
    "SC_72012_1027", "SC_72012_1028", "SC_72012_1029", "SC_72112_1030",
    "SC_72112_1031", "SC_72112_1032", "CH_82112_1033", "CH_82112_1034",
    "CH_82212_1035", "CH_82212_1036"),

  Selasphorus_rufus = c( "CH_82112_1037", "CH_82112_1038",
    "CH_82212_1039", "CH_82212_1040") )
